Title: Numbrlink on a 5x5 board

Domains:
1
D1 1..5

Variables:
25
v1e1 D1
v1e2 D1
v1e3 D1
v1e4 D1
v1e5 D1
v2e1 D1
v2e2 D1
v2e3 D1
v2e4 D1
v2e5 D1
v3e1 D1
v3e2 D1
v3e3 D1
v3e4 D1
v3e5 D1
v4e1 D1
v4e2 D1
v4e3 D1
v4e4 D1
v4e5 D1
v5e1 D1
v5e2 D1
v5e3 D1
v5e4 D1
v5e5 D1

Constraints:
25

C1:
Vars:
3
v1e1
v2e1
v1e2
Accept:
8
3 3 1
3 3 2
3 3 4
3 3 5
3 1 3
3 2 3
3 4 3
3 5 3

C2:
Vars:
4
v1e2
v2e2
v1e3
v1e1
Accept:
60
1 1 1 2
1 1 1 3
1 1 1 4
1 1 1 5
1 1 2 1
1 1 3 1
1 1 4 1
1 1 5 1
1 2 1 1
1 3 1 1
1 4 1 1
1 5 1 1
2 2 2 1
2 2 2 3
2 2 2 4
2 2 2 5
2 2 1 2
2 2 3 2
2 2 4 2
2 2 5 2
2 1 2 2
2 3 2 2
2 4 2 2
2 5 2 2
3 3 3 1
3 3 3 2
3 3 3 4
3 3 3 5
3 3 1 3
3 3 2 3
3 3 4 3
3 3 5 3
3 1 3 3
3 2 3 3
3 4 3 3
3 5 3 3
4 4 4 1
4 4 4 2
4 4 4 3
4 4 4 5
4 4 1 4
4 4 2 4
4 4 3 4
4 4 5 4
4 1 4 4
4 2 4 4
4 3 4 4
4 5 4 4
5 5 5 1
5 5 5 2
5 5 5 3
5 5 5 4
5 5 1 5
5 5 2 5
5 5 3 5
5 5 4 5
5 1 5 5
5 2 5 5
5 3 5 5
5 4 5 5

C3:
Vars:
4
v1e3
v2e3
v1e4
v1e2
Accept:
60
1 1 1 2
1 1 1 3
1 1 1 4
1 1 1 5
1 1 2 1
1 1 3 1
1 1 4 1
1 1 5 1
1 2 1 1
1 3 1 1
1 4 1 1
1 5 1 1
2 2 2 1
2 2 2 3
2 2 2 4
2 2 2 5
2 2 1 2
2 2 3 2
2 2 4 2
2 2 5 2
2 1 2 2
2 3 2 2
2 4 2 2
2 5 2 2
3 3 3 1
3 3 3 2
3 3 3 4
3 3 3 5
3 3 1 3
3 3 2 3
3 3 4 3
3 3 5 3
3 1 3 3
3 2 3 3
3 4 3 3
3 5 3 3
4 4 4 1
4 4 4 2
4 4 4 3
4 4 4 5
4 4 1 4
4 4 2 4
4 4 3 4
4 4 5 4
4 1 4 4
4 2 4 4
4 3 4 4
4 5 4 4
5 5 5 1
5 5 5 2
5 5 5 3
5 5 5 4
5 5 1 5
5 5 2 5
5 5 3 5
5 5 4 5
5 1 5 5
5 2 5 5
5 3 5 5
5 4 5 5

C4:
Vars:
4
v1e4
v2e4
v1e5
v1e3
Accept:
60
1 1 1 2
1 1 1 3
1 1 1 4
1 1 1 5
1 1 2 1
1 1 3 1
1 1 4 1
1 1 5 1
1 2 1 1
1 3 1 1
1 4 1 1
1 5 1 1
2 2 2 1
2 2 2 3
2 2 2 4
2 2 2 5
2 2 1 2
2 2 3 2
2 2 4 2
2 2 5 2
2 1 2 2
2 3 2 2
2 4 2 2
2 5 2 2
3 3 3 1
3 3 3 2
3 3 3 4
3 3 3 5
3 3 1 3
3 3 2 3
3 3 4 3
3 3 5 3
3 1 3 3
3 2 3 3
3 4 3 3
3 5 3 3
4 4 4 1
4 4 4 2
4 4 4 3
4 4 4 5
4 4 1 4
4 4 2 4
4 4 3 4
4 4 5 4
4 1 4 4
4 2 4 4
4 3 4 4
4 5 4 4
5 5 5 1
5 5 5 2
5 5 5 3
5 5 5 4
5 5 1 5
5 5 2 5
5 5 3 5
5 5 4 5
5 1 5 5
5 2 5 5
5 3 5 5
5 4 5 5

C5:
Vars:
3
v1e5
v2e5
v1e4
Accept:
8
2 2 1
2 2 3
2 2 4
2 2 5
2 1 2
2 3 2
2 4 2
2 5 2

C6:
Vars:
4
v2e1
v1e1
v3e1
v2e2
Accept:
48
1 1 2 2
1 1 2 3
1 1 2 4
1 1 2 5
1 1 3 2
1 1 3 3
1 1 3 4
1 1 3 5
1 1 4 2
1 1 4 3
1 1 4 4
1 1 4 5
1 1 5 2
1 1 5 3
1 1 5 4
1 1 5 5
1 2 1 2
1 2 1 3
1 2 1 4
1 2 1 5
1 3 1 2
1 3 1 3
1 3 1 4
1 3 1 5
1 4 1 2
1 4 1 3
1 4 1 4
1 4 1 5
1 5 1 2
1 5 1 3
1 5 1 4
1 5 1 5
1 2 2 1
1 2 3 1
1 2 4 1
1 2 5 1
1 3 2 1
1 3 3 1
1 3 4 1
1 3 5 1
1 4 2 1
1 4 3 1
1 4 4 1
1 4 5 1
1 5 2 1
1 5 3 1
1 5 4 1
1 5 5 1

C7:
Vars:
5
v2e2
v1e2
v3e2
v2e3
v2e1
Accept:
480
1 1 1 2 2
1 1 1 2 3
1 1 1 2 4
1 1 1 2 5
1 1 1 3 2
1 1 1 3 3
1 1 1 3 4
1 1 1 3 5
1 1 1 4 2
1 1 1 4 3
1 1 1 4 4
1 1 1 4 5
1 1 1 5 2
1 1 1 5 3
1 1 1 5 4
1 1 1 5 5
1 1 2 1 2
1 1 2 1 3
1 1 2 1 4
1 1 2 1 5
1 1 3 1 2
1 1 3 1 3
1 1 3 1 4
1 1 3 1 5
1 1 4 1 2
1 1 4 1 3
1 1 4 1 4
1 1 4 1 5
1 1 5 1 2
1 1 5 1 3
1 1 5 1 4
1 1 5 1 5
1 1 2 2 1
1 1 2 3 1
1 1 2 4 1
1 1 2 5 1
1 1 3 2 1
1 1 3 3 1
1 1 3 4 1
1 1 3 5 1
1 1 4 2 1
1 1 4 3 1
1 1 4 4 1
1 1 4 5 1
1 1 5 2 1
1 1 5 3 1
1 1 5 4 1
1 1 5 5 1
1 2 1 1 2
1 2 1 1 3
1 2 1 1 4
1 2 1 1 5
1 3 1 1 2
1 3 1 1 3
1 3 1 1 4
1 3 1 1 5
1 4 1 1 2
1 4 1 1 3
1 4 1 1 4
1 4 1 1 5
1 5 1 1 2
1 5 1 1 3
1 5 1 1 4
1 5 1 1 5
1 2 1 2 1
1 2 1 3 1
1 2 1 4 1
1 2 1 5 1
1 3 1 2 1
1 3 1 3 1
1 3 1 4 1
1 3 1 5 1
1 4 1 2 1
1 4 1 3 1
1 4 1 4 1
1 4 1 5 1
1 5 1 2 1
1 5 1 3 1
1 5 1 4 1
1 5 1 5 1
1 2 2 1 1
1 2 3 1 1
1 2 4 1 1
1 2 5 1 1
1 3 2 1 1
1 3 3 1 1
1 3 4 1 1
1 3 5 1 1
1 4 2 1 1
1 4 3 1 1
1 4 4 1 1
1 4 5 1 1
1 5 2 1 1
1 5 3 1 1
1 5 4 1 1
1 5 5 1 1
2 2 2 1 1
2 2 2 1 3
2 2 2 1 4
2 2 2 1 5
2 2 2 3 1
2 2 2 3 3
2 2 2 3 4
2 2 2 3 5
2 2 2 4 1
2 2 2 4 3
2 2 2 4 4
2 2 2 4 5
2 2 2 5 1
2 2 2 5 3
2 2 2 5 4
2 2 2 5 5
2 2 1 2 1
2 2 1 2 3
2 2 1 2 4
2 2 1 2 5
2 2 3 2 1
2 2 3 2 3
2 2 3 2 4
2 2 3 2 5
2 2 4 2 1
2 2 4 2 3
2 2 4 2 4
2 2 4 2 5
2 2 5 2 1
2 2 5 2 3
2 2 5 2 4
2 2 5 2 5
2 2 1 1 2
2 2 1 3 2
2 2 1 4 2
2 2 1 5 2
2 2 3 1 2
2 2 3 3 2
2 2 3 4 2
2 2 3 5 2
2 2 4 1 2
2 2 4 3 2
2 2 4 4 2
2 2 4 5 2
2 2 5 1 2
2 2 5 3 2
2 2 5 4 2
2 2 5 5 2
2 1 2 2 1
2 1 2 2 3
2 1 2 2 4
2 1 2 2 5
2 3 2 2 1
2 3 2 2 3
2 3 2 2 4
2 3 2 2 5
2 4 2 2 1
2 4 2 2 3
2 4 2 2 4
2 4 2 2 5
2 5 2 2 1
2 5 2 2 3
2 5 2 2 4
2 5 2 2 5
2 1 2 1 2
2 1 2 3 2
2 1 2 4 2
2 1 2 5 2
2 3 2 1 2
2 3 2 3 2
2 3 2 4 2
2 3 2 5 2
2 4 2 1 2
2 4 2 3 2
2 4 2 4 2
2 4 2 5 2
2 5 2 1 2
2 5 2 3 2
2 5 2 4 2
2 5 2 5 2
2 1 1 2 2
2 1 3 2 2
2 1 4 2 2
2 1 5 2 2
2 3 1 2 2
2 3 3 2 2
2 3 4 2 2
2 3 5 2 2
2 4 1 2 2
2 4 3 2 2
2 4 4 2 2
2 4 5 2 2
2 5 1 2 2
2 5 3 2 2
2 5 4 2 2
2 5 5 2 2
3 3 3 1 1
3 3 3 1 2
3 3 3 1 4
3 3 3 1 5
3 3 3 2 1
3 3 3 2 2
3 3 3 2 4
3 3 3 2 5
3 3 3 4 1
3 3 3 4 2
3 3 3 4 4
3 3 3 4 5
3 3 3 5 1
3 3 3 5 2
3 3 3 5 4
3 3 3 5 5
3 3 1 3 1
3 3 1 3 2
3 3 1 3 4
3 3 1 3 5
3 3 2 3 1
3 3 2 3 2
3 3 2 3 4
3 3 2 3 5
3 3 4 3 1
3 3 4 3 2
3 3 4 3 4
3 3 4 3 5
3 3 5 3 1
3 3 5 3 2
3 3 5 3 4
3 3 5 3 5
3 3 1 1 3
3 3 1 2 3
3 3 1 4 3
3 3 1 5 3
3 3 2 1 3
3 3 2 2 3
3 3 2 4 3
3 3 2 5 3
3 3 4 1 3
3 3 4 2 3
3 3 4 4 3
3 3 4 5 3
3 3 5 1 3
3 3 5 2 3
3 3 5 4 3
3 3 5 5 3
3 1 3 3 1
3 1 3 3 2
3 1 3 3 4
3 1 3 3 5
3 2 3 3 1
3 2 3 3 2
3 2 3 3 4
3 2 3 3 5
3 4 3 3 1
3 4 3 3 2
3 4 3 3 4
3 4 3 3 5
3 5 3 3 1
3 5 3 3 2
3 5 3 3 4
3 5 3 3 5
3 1 3 1 3
3 1 3 2 3
3 1 3 4 3
3 1 3 5 3
3 2 3 1 3
3 2 3 2 3
3 2 3 4 3
3 2 3 5 3
3 4 3 1 3
3 4 3 2 3
3 4 3 4 3
3 4 3 5 3
3 5 3 1 3
3 5 3 2 3
3 5 3 4 3
3 5 3 5 3
3 1 1 3 3
3 1 2 3 3
3 1 4 3 3
3 1 5 3 3
3 2 1 3 3
3 2 2 3 3
3 2 4 3 3
3 2 5 3 3
3 4 1 3 3
3 4 2 3 3
3 4 4 3 3
3 4 5 3 3
3 5 1 3 3
3 5 2 3 3
3 5 4 3 3
3 5 5 3 3
4 4 4 1 1
4 4 4 1 2
4 4 4 1 3
4 4 4 1 5
4 4 4 2 1
4 4 4 2 2
4 4 4 2 3
4 4 4 2 5
4 4 4 3 1
4 4 4 3 2
4 4 4 3 3
4 4 4 3 5
4 4 4 5 1
4 4 4 5 2
4 4 4 5 3
4 4 4 5 5
4 4 1 4 1
4 4 1 4 2
4 4 1 4 3
4 4 1 4 5
4 4 2 4 1
4 4 2 4 2
4 4 2 4 3
4 4 2 4 5
4 4 3 4 1
4 4 3 4 2
4 4 3 4 3
4 4 3 4 5
4 4 5 4 1
4 4 5 4 2
4 4 5 4 3
4 4 5 4 5
4 4 1 1 4
4 4 1 2 4
4 4 1 3 4
4 4 1 5 4
4 4 2 1 4
4 4 2 2 4
4 4 2 3 4
4 4 2 5 4
4 4 3 1 4
4 4 3 2 4
4 4 3 3 4
4 4 3 5 4
4 4 5 1 4
4 4 5 2 4
4 4 5 3 4
4 4 5 5 4
4 1 4 4 1
4 1 4 4 2
4 1 4 4 3
4 1 4 4 5
4 2 4 4 1
4 2 4 4 2
4 2 4 4 3
4 2 4 4 5
4 3 4 4 1
4 3 4 4 2
4 3 4 4 3
4 3 4 4 5
4 5 4 4 1
4 5 4 4 2
4 5 4 4 3
4 5 4 4 5
4 1 4 1 4
4 1 4 2 4
4 1 4 3 4
4 1 4 5 4
4 2 4 1 4
4 2 4 2 4
4 2 4 3 4
4 2 4 5 4
4 3 4 1 4
4 3 4 2 4
4 3 4 3 4
4 3 4 5 4
4 5 4 1 4
4 5 4 2 4
4 5 4 3 4
4 5 4 5 4
4 1 1 4 4
4 1 2 4 4
4 1 3 4 4
4 1 5 4 4
4 2 1 4 4
4 2 2 4 4
4 2 3 4 4
4 2 5 4 4
4 3 1 4 4
4 3 2 4 4
4 3 3 4 4
4 3 5 4 4
4 5 1 4 4
4 5 2 4 4
4 5 3 4 4
4 5 5 4 4
5 5 5 1 1
5 5 5 1 2
5 5 5 1 3
5 5 5 1 4
5 5 5 2 1
5 5 5 2 2
5 5 5 2 3
5 5 5 2 4
5 5 5 3 1
5 5 5 3 2
5 5 5 3 3
5 5 5 3 4
5 5 5 4 1
5 5 5 4 2
5 5 5 4 3
5 5 5 4 4
5 5 1 5 1
5 5 1 5 2
5 5 1 5 3
5 5 1 5 4
5 5 2 5 1
5 5 2 5 2
5 5 2 5 3
5 5 2 5 4
5 5 3 5 1
5 5 3 5 2
5 5 3 5 3
5 5 3 5 4
5 5 4 5 1
5 5 4 5 2
5 5 4 5 3
5 5 4 5 4
5 5 1 1 5
5 5 1 2 5
5 5 1 3 5
5 5 1 4 5
5 5 2 1 5
5 5 2 2 5
5 5 2 3 5
5 5 2 4 5
5 5 3 1 5
5 5 3 2 5
5 5 3 3 5
5 5 3 4 5
5 5 4 1 5
5 5 4 2 5
5 5 4 3 5
5 5 4 4 5
5 1 5 5 1
5 1 5 5 2
5 1 5 5 3
5 1 5 5 4
5 2 5 5 1
5 2 5 5 2
5 2 5 5 3
5 2 5 5 4
5 3 5 5 1
5 3 5 5 2
5 3 5 5 3
5 3 5 5 4
5 4 5 5 1
5 4 5 5 2
5 4 5 5 3
5 4 5 5 4
5 1 5 1 5
5 1 5 2 5
5 1 5 3 5
5 1 5 4 5
5 2 5 1 5
5 2 5 2 5
5 2 5 3 5
5 2 5 4 5
5 3 5 1 5
5 3 5 2 5
5 3 5 3 5
5 3 5 4 5
5 4 5 1 5
5 4 5 2 5
5 4 5 3 5
5 4 5 4 5
5 1 1 5 5
5 1 2 5 5
5 1 3 5 5
5 1 4 5 5
5 2 1 5 5
5 2 2 5 5
5 2 3 5 5
5 2 4 5 5
5 3 1 5 5
5 3 2 5 5
5 3 3 5 5
5 3 4 5 5
5 4 1 5 5
5 4 2 5 5
5 4 3 5 5
5 4 4 5 5

C8:
Vars:
5
v2e3
v1e3
v3e3
v2e4
v2e2
Accept:
256
2 2 1 1 1
2 2 1 1 3
2 2 1 1 4
2 2 1 1 5
2 2 1 3 1
2 2 1 3 3
2 2 1 3 4
2 2 1 3 5
2 2 1 4 1
2 2 1 4 3
2 2 1 4 4
2 2 1 4 5
2 2 1 5 1
2 2 1 5 3
2 2 1 5 4
2 2 1 5 5
2 2 3 1 1
2 2 3 1 3
2 2 3 1 4
2 2 3 1 5
2 2 3 3 1
2 2 3 3 3
2 2 3 3 4
2 2 3 3 5
2 2 3 4 1
2 2 3 4 3
2 2 3 4 4
2 2 3 4 5
2 2 3 5 1
2 2 3 5 3
2 2 3 5 4
2 2 3 5 5
2 2 4 1 1
2 2 4 1 3
2 2 4 1 4
2 2 4 1 5
2 2 4 3 1
2 2 4 3 3
2 2 4 3 4
2 2 4 3 5
2 2 4 4 1
2 2 4 4 3
2 2 4 4 4
2 2 4 4 5
2 2 4 5 1
2 2 4 5 3
2 2 4 5 4
2 2 4 5 5
2 2 5 1 1
2 2 5 1 3
2 2 5 1 4
2 2 5 1 5
2 2 5 3 1
2 2 5 3 3
2 2 5 3 4
2 2 5 3 5
2 2 5 4 1
2 2 5 4 3
2 2 5 4 4
2 2 5 4 5
2 2 5 5 1
2 2 5 5 3
2 2 5 5 4
2 2 5 5 5
2 1 2 1 1
2 1 2 1 3
2 1 2 1 4
2 1 2 1 5
2 1 2 3 1
2 1 2 3 3
2 1 2 3 4
2 1 2 3 5
2 1 2 4 1
2 1 2 4 3
2 1 2 4 4
2 1 2 4 5
2 1 2 5 1
2 1 2 5 3
2 1 2 5 4
2 1 2 5 5
2 3 2 1 1
2 3 2 1 3
2 3 2 1 4
2 3 2 1 5
2 3 2 3 1
2 3 2 3 3
2 3 2 3 4
2 3 2 3 5
2 3 2 4 1
2 3 2 4 3
2 3 2 4 4
2 3 2 4 5
2 3 2 5 1
2 3 2 5 3
2 3 2 5 4
2 3 2 5 5
2 4 2 1 1
2 4 2 1 3
2 4 2 1 4
2 4 2 1 5
2 4 2 3 1
2 4 2 3 3
2 4 2 3 4
2 4 2 3 5
2 4 2 4 1
2 4 2 4 3
2 4 2 4 4
2 4 2 4 5
2 4 2 5 1
2 4 2 5 3
2 4 2 5 4
2 4 2 5 5
2 5 2 1 1
2 5 2 1 3
2 5 2 1 4
2 5 2 1 5
2 5 2 3 1
2 5 2 3 3
2 5 2 3 4
2 5 2 3 5
2 5 2 4 1
2 5 2 4 3
2 5 2 4 4
2 5 2 4 5
2 5 2 5 1
2 5 2 5 3
2 5 2 5 4
2 5 2 5 5
2 1 1 2 1
2 1 1 2 3
2 1 1 2 4
2 1 1 2 5
2 1 3 2 1
2 1 3 2 3
2 1 3 2 4
2 1 3 2 5
2 1 4 2 1
2 1 4 2 3
2 1 4 2 4
2 1 4 2 5
2 1 5 2 1
2 1 5 2 3
2 1 5 2 4
2 1 5 2 5
2 3 1 2 1
2 3 1 2 3
2 3 1 2 4
2 3 1 2 5
2 3 3 2 1
2 3 3 2 3
2 3 3 2 4
2 3 3 2 5
2 3 4 2 1
2 3 4 2 3
2 3 4 2 4
2 3 4 2 5
2 3 5 2 1
2 3 5 2 3
2 3 5 2 4
2 3 5 2 5
2 4 1 2 1
2 4 1 2 3
2 4 1 2 4
2 4 1 2 5
2 4 3 2 1
2 4 3 2 3
2 4 3 2 4
2 4 3 2 5
2 4 4 2 1
2 4 4 2 3
2 4 4 2 4
2 4 4 2 5
2 4 5 2 1
2 4 5 2 3
2 4 5 2 4
2 4 5 2 5
2 5 1 2 1
2 5 1 2 3
2 5 1 2 4
2 5 1 2 5
2 5 3 2 1
2 5 3 2 3
2 5 3 2 4
2 5 3 2 5
2 5 4 2 1
2 5 4 2 3
2 5 4 2 4
2 5 4 2 5
2 5 5 2 1
2 5 5 2 3
2 5 5 2 4
2 5 5 2 5
2 1 1 1 2
2 1 1 3 2
2 1 1 4 2
2 1 1 5 2
2 1 3 1 2
2 1 3 3 2
2 1 3 4 2
2 1 3 5 2
2 1 4 1 2
2 1 4 3 2
2 1 4 4 2
2 1 4 5 2
2 1 5 1 2
2 1 5 3 2
2 1 5 4 2
2 1 5 5 2
2 3 1 1 2
2 3 1 3 2
2 3 1 4 2
2 3 1 5 2
2 3 3 1 2
2 3 3 3 2
2 3 3 4 2
2 3 3 5 2
2 3 4 1 2
2 3 4 3 2
2 3 4 4 2
2 3 4 5 2
2 3 5 1 2
2 3 5 3 2
2 3 5 4 2
2 3 5 5 2
2 4 1 1 2
2 4 1 3 2
2 4 1 4 2
2 4 1 5 2
2 4 3 1 2
2 4 3 3 2
2 4 3 4 2
2 4 3 5 2
2 4 4 1 2
2 4 4 3 2
2 4 4 4 2
2 4 4 5 2
2 4 5 1 2
2 4 5 3 2
2 4 5 4 2
2 4 5 5 2
2 5 1 1 2
2 5 1 3 2
2 5 1 4 2
2 5 1 5 2
2 5 3 1 2
2 5 3 3 2
2 5 3 4 2
2 5 3 5 2
2 5 4 1 2
2 5 4 3 2
2 5 4 4 2
2 5 4 5 2
2 5 5 1 2
2 5 5 3 2
2 5 5 4 2
2 5 5 5 2

C9:
Vars:
5
v2e4
v1e4
v3e4
v2e5
v2e3
Accept:
256
1 1 2 2 2
1 1 2 2 3
1 1 2 2 4
1 1 2 2 5
1 1 2 3 2
1 1 2 3 3
1 1 2 3 4
1 1 2 3 5
1 1 2 4 2
1 1 2 4 3
1 1 2 4 4
1 1 2 4 5
1 1 2 5 2
1 1 2 5 3
1 1 2 5 4
1 1 2 5 5
1 1 3 2 2
1 1 3 2 3
1 1 3 2 4
1 1 3 2 5
1 1 3 3 2
1 1 3 3 3
1 1 3 3 4
1 1 3 3 5
1 1 3 4 2
1 1 3 4 3
1 1 3 4 4
1 1 3 4 5
1 1 3 5 2
1 1 3 5 3
1 1 3 5 4
1 1 3 5 5
1 1 4 2 2
1 1 4 2 3
1 1 4 2 4
1 1 4 2 5
1 1 4 3 2
1 1 4 3 3
1 1 4 3 4
1 1 4 3 5
1 1 4 4 2
1 1 4 4 3
1 1 4 4 4
1 1 4 4 5
1 1 4 5 2
1 1 4 5 3
1 1 4 5 4
1 1 4 5 5
1 1 5 2 2
1 1 5 2 3
1 1 5 2 4
1 1 5 2 5
1 1 5 3 2
1 1 5 3 3
1 1 5 3 4
1 1 5 3 5
1 1 5 4 2
1 1 5 4 3
1 1 5 4 4
1 1 5 4 5
1 1 5 5 2
1 1 5 5 3
1 1 5 5 4
1 1 5 5 5
1 2 1 2 2
1 2 1 2 3
1 2 1 2 4
1 2 1 2 5
1 2 1 3 2
1 2 1 3 3
1 2 1 3 4
1 2 1 3 5
1 2 1 4 2
1 2 1 4 3
1 2 1 4 4
1 2 1 4 5
1 2 1 5 2
1 2 1 5 3
1 2 1 5 4
1 2 1 5 5
1 3 1 2 2
1 3 1 2 3
1 3 1 2 4
1 3 1 2 5
1 3 1 3 2
1 3 1 3 3
1 3 1 3 4
1 3 1 3 5
1 3 1 4 2
1 3 1 4 3
1 3 1 4 4
1 3 1 4 5
1 3 1 5 2
1 3 1 5 3
1 3 1 5 4
1 3 1 5 5
1 4 1 2 2
1 4 1 2 3
1 4 1 2 4
1 4 1 2 5
1 4 1 3 2
1 4 1 3 3
1 4 1 3 4
1 4 1 3 5
1 4 1 4 2
1 4 1 4 3
1 4 1 4 4
1 4 1 4 5
1 4 1 5 2
1 4 1 5 3
1 4 1 5 4
1 4 1 5 5
1 5 1 2 2
1 5 1 2 3
1 5 1 2 4
1 5 1 2 5
1 5 1 3 2
1 5 1 3 3
1 5 1 3 4
1 5 1 3 5
1 5 1 4 2
1 5 1 4 3
1 5 1 4 4
1 5 1 4 5
1 5 1 5 2
1 5 1 5 3
1 5 1 5 4
1 5 1 5 5
1 2 2 1 2
1 2 2 1 3
1 2 2 1 4
1 2 2 1 5
1 2 3 1 2
1 2 3 1 3
1 2 3 1 4
1 2 3 1 5
1 2 4 1 2
1 2 4 1 3
1 2 4 1 4
1 2 4 1 5
1 2 5 1 2
1 2 5 1 3
1 2 5 1 4
1 2 5 1 5
1 3 2 1 2
1 3 2 1 3
1 3 2 1 4
1 3 2 1 5
1 3 3 1 2
1 3 3 1 3
1 3 3 1 4
1 3 3 1 5
1 3 4 1 2
1 3 4 1 3
1 3 4 1 4
1 3 4 1 5
1 3 5 1 2
1 3 5 1 3
1 3 5 1 4
1 3 5 1 5
1 4 2 1 2
1 4 2 1 3
1 4 2 1 4
1 4 2 1 5
1 4 3 1 2
1 4 3 1 3
1 4 3 1 4
1 4 3 1 5
1 4 4 1 2
1 4 4 1 3
1 4 4 1 4
1 4 4 1 5
1 4 5 1 2
1 4 5 1 3
1 4 5 1 4
1 4 5 1 5
1 5 2 1 2
1 5 2 1 3
1 5 2 1 4
1 5 2 1 5
1 5 3 1 2
1 5 3 1 3
1 5 3 1 4
1 5 3 1 5
1 5 4 1 2
1 5 4 1 3
1 5 4 1 4
1 5 4 1 5
1 5 5 1 2
1 5 5 1 3
1 5 5 1 4
1 5 5 1 5
1 2 2 2 1
1 2 2 3 1
1 2 2 4 1
1 2 2 5 1
1 2 3 2 1
1 2 3 3 1
1 2 3 4 1
1 2 3 5 1
1 2 4 2 1
1 2 4 3 1
1 2 4 4 1
1 2 4 5 1
1 2 5 2 1
1 2 5 3 1
1 2 5 4 1
1 2 5 5 1
1 3 2 2 1
1 3 2 3 1
1 3 2 4 1
1 3 2 5 1
1 3 3 2 1
1 3 3 3 1
1 3 3 4 1
1 3 3 5 1
1 3 4 2 1
1 3 4 3 1
1 3 4 4 1
1 3 4 5 1
1 3 5 2 1
1 3 5 3 1
1 3 5 4 1
1 3 5 5 1
1 4 2 2 1
1 4 2 3 1
1 4 2 4 1
1 4 2 5 1
1 4 3 2 1
1 4 3 3 1
1 4 3 4 1
1 4 3 5 1
1 4 4 2 1
1 4 4 3 1
1 4 4 4 1
1 4 4 5 1
1 4 5 2 1
1 4 5 3 1
1 4 5 4 1
1 4 5 5 1
1 5 2 2 1
1 5 2 3 1
1 5 2 4 1
1 5 2 5 1
1 5 3 2 1
1 5 3 3 1
1 5 3 4 1
1 5 3 5 1
1 5 4 2 1
1 5 4 3 1
1 5 4 4 1
1 5 4 5 1
1 5 5 2 1
1 5 5 3 1
1 5 5 4 1
1 5 5 5 1

C10:
Vars:
4
v2e5
v1e5
v3e5
v2e4
Accept:
60
1 1 1 2
1 1 1 3
1 1 1 4
1 1 1 5
1 1 2 1
1 1 3 1
1 1 4 1
1 1 5 1
1 2 1 1
1 3 1 1
1 4 1 1
1 5 1 1
2 2 2 1
2 2 2 3
2 2 2 4
2 2 2 5
2 2 1 2
2 2 3 2
2 2 4 2
2 2 5 2
2 1 2 2
2 3 2 2
2 4 2 2
2 5 2 2
3 3 3 1
3 3 3 2
3 3 3 4
3 3 3 5
3 3 1 3
3 3 2 3
3 3 4 3
3 3 5 3
3 1 3 3
3 2 3 3
3 4 3 3
3 5 3 3
4 4 4 1
4 4 4 2
4 4 4 3
4 4 4 5
4 4 1 4
4 4 2 4
4 4 3 4
4 4 5 4
4 1 4 4
4 2 4 4
4 3 4 4
4 5 4 4
5 5 5 1
5 5 5 2
5 5 5 3
5 5 5 4
5 5 1 5
5 5 2 5
5 5 3 5
5 5 4 5
5 1 5 5
5 2 5 5
5 3 5 5
5 4 5 5

C11:
Vars:
4
v3e1
v2e1
v4e1
v3e2
Accept:
60
1 1 1 2
1 1 1 3
1 1 1 4
1 1 1 5
1 1 2 1
1 1 3 1
1 1 4 1
1 1 5 1
1 2 1 1
1 3 1 1
1 4 1 1
1 5 1 1
2 2 2 1
2 2 2 3
2 2 2 4
2 2 2 5
2 2 1 2
2 2 3 2
2 2 4 2
2 2 5 2
2 1 2 2
2 3 2 2
2 4 2 2
2 5 2 2
3 3 3 1
3 3 3 2
3 3 3 4
3 3 3 5
3 3 1 3
3 3 2 3
3 3 4 3
3 3 5 3
3 1 3 3
3 2 3 3
3 4 3 3
3 5 3 3
4 4 4 1
4 4 4 2
4 4 4 3
4 4 4 5
4 4 1 4
4 4 2 4
4 4 3 4
4 4 5 4
4 1 4 4
4 2 4 4
4 3 4 4
4 5 4 4
5 5 5 1
5 5 5 2
5 5 5 3
5 5 5 4
5 5 1 5
5 5 2 5
5 5 3 5
5 5 4 5
5 1 5 5
5 2 5 5
5 3 5 5
5 4 5 5

C12:
Vars:
5
v3e2
v2e2
v4e2
v3e3
v3e1
Accept:
480
1 1 1 2 2
1 1 1 2 3
1 1 1 2 4
1 1 1 2 5
1 1 1 3 2
1 1 1 3 3
1 1 1 3 4
1 1 1 3 5
1 1 1 4 2
1 1 1 4 3
1 1 1 4 4
1 1 1 4 5
1 1 1 5 2
1 1 1 5 3
1 1 1 5 4
1 1 1 5 5
1 1 2 1 2
1 1 2 1 3
1 1 2 1 4
1 1 2 1 5
1 1 3 1 2
1 1 3 1 3
1 1 3 1 4
1 1 3 1 5
1 1 4 1 2
1 1 4 1 3
1 1 4 1 4
1 1 4 1 5
1 1 5 1 2
1 1 5 1 3
1 1 5 1 4
1 1 5 1 5
1 1 2 2 1
1 1 2 3 1
1 1 2 4 1
1 1 2 5 1
1 1 3 2 1
1 1 3 3 1
1 1 3 4 1
1 1 3 5 1
1 1 4 2 1
1 1 4 3 1
1 1 4 4 1
1 1 4 5 1
1 1 5 2 1
1 1 5 3 1
1 1 5 4 1
1 1 5 5 1
1 2 1 1 2
1 2 1 1 3
1 2 1 1 4
1 2 1 1 5
1 3 1 1 2
1 3 1 1 3
1 3 1 1 4
1 3 1 1 5
1 4 1 1 2
1 4 1 1 3
1 4 1 1 4
1 4 1 1 5
1 5 1 1 2
1 5 1 1 3
1 5 1 1 4
1 5 1 1 5
1 2 1 2 1
1 2 1 3 1
1 2 1 4 1
1 2 1 5 1
1 3 1 2 1
1 3 1 3 1
1 3 1 4 1
1 3 1 5 1
1 4 1 2 1
1 4 1 3 1
1 4 1 4 1
1 4 1 5 1
1 5 1 2 1
1 5 1 3 1
1 5 1 4 1
1 5 1 5 1
1 2 2 1 1
1 2 3 1 1
1 2 4 1 1
1 2 5 1 1
1 3 2 1 1
1 3 3 1 1
1 3 4 1 1
1 3 5 1 1
1 4 2 1 1
1 4 3 1 1
1 4 4 1 1
1 4 5 1 1
1 5 2 1 1
1 5 3 1 1
1 5 4 1 1
1 5 5 1 1
2 2 2 1 1
2 2 2 1 3
2 2 2 1 4
2 2 2 1 5
2 2 2 3 1
2 2 2 3 3
2 2 2 3 4
2 2 2 3 5
2 2 2 4 1
2 2 2 4 3
2 2 2 4 4
2 2 2 4 5
2 2 2 5 1
2 2 2 5 3
2 2 2 5 4
2 2 2 5 5
2 2 1 2 1
2 2 1 2 3
2 2 1 2 4
2 2 1 2 5
2 2 3 2 1
2 2 3 2 3
2 2 3 2 4
2 2 3 2 5
2 2 4 2 1
2 2 4 2 3
2 2 4 2 4
2 2 4 2 5
2 2 5 2 1
2 2 5 2 3
2 2 5 2 4
2 2 5 2 5
2 2 1 1 2
2 2 1 3 2
2 2 1 4 2
2 2 1 5 2
2 2 3 1 2
2 2 3 3 2
2 2 3 4 2
2 2 3 5 2
2 2 4 1 2
2 2 4 3 2
2 2 4 4 2
2 2 4 5 2
2 2 5 1 2
2 2 5 3 2
2 2 5 4 2
2 2 5 5 2
2 1 2 2 1
2 1 2 2 3
2 1 2 2 4
2 1 2 2 5
2 3 2 2 1
2 3 2 2 3
2 3 2 2 4
2 3 2 2 5
2 4 2 2 1
2 4 2 2 3
2 4 2 2 4
2 4 2 2 5
2 5 2 2 1
2 5 2 2 3
2 5 2 2 4
2 5 2 2 5
2 1 2 1 2
2 1 2 3 2
2 1 2 4 2
2 1 2 5 2
2 3 2 1 2
2 3 2 3 2
2 3 2 4 2
2 3 2 5 2
2 4 2 1 2
2 4 2 3 2
2 4 2 4 2
2 4 2 5 2
2 5 2 1 2
2 5 2 3 2
2 5 2 4 2
2 5 2 5 2
2 1 1 2 2
2 1 3 2 2
2 1 4 2 2
2 1 5 2 2
2 3 1 2 2
2 3 3 2 2
2 3 4 2 2
2 3 5 2 2
2 4 1 2 2
2 4 3 2 2
2 4 4 2 2
2 4 5 2 2
2 5 1 2 2
2 5 3 2 2
2 5 4 2 2
2 5 5 2 2
3 3 3 1 1
3 3 3 1 2
3 3 3 1 4
3 3 3 1 5
3 3 3 2 1
3 3 3 2 2
3 3 3 2 4
3 3 3 2 5
3 3 3 4 1
3 3 3 4 2
3 3 3 4 4
3 3 3 4 5
3 3 3 5 1
3 3 3 5 2
3 3 3 5 4
3 3 3 5 5
3 3 1 3 1
3 3 1 3 2
3 3 1 3 4
3 3 1 3 5
3 3 2 3 1
3 3 2 3 2
3 3 2 3 4
3 3 2 3 5
3 3 4 3 1
3 3 4 3 2
3 3 4 3 4
3 3 4 3 5
3 3 5 3 1
3 3 5 3 2
3 3 5 3 4
3 3 5 3 5
3 3 1 1 3
3 3 1 2 3
3 3 1 4 3
3 3 1 5 3
3 3 2 1 3
3 3 2 2 3
3 3 2 4 3
3 3 2 5 3
3 3 4 1 3
3 3 4 2 3
3 3 4 4 3
3 3 4 5 3
3 3 5 1 3
3 3 5 2 3
3 3 5 4 3
3 3 5 5 3
3 1 3 3 1
3 1 3 3 2
3 1 3 3 4
3 1 3 3 5
3 2 3 3 1
3 2 3 3 2
3 2 3 3 4
3 2 3 3 5
3 4 3 3 1
3 4 3 3 2
3 4 3 3 4
3 4 3 3 5
3 5 3 3 1
3 5 3 3 2
3 5 3 3 4
3 5 3 3 5
3 1 3 1 3
3 1 3 2 3
3 1 3 4 3
3 1 3 5 3
3 2 3 1 3
3 2 3 2 3
3 2 3 4 3
3 2 3 5 3
3 4 3 1 3
3 4 3 2 3
3 4 3 4 3
3 4 3 5 3
3 5 3 1 3
3 5 3 2 3
3 5 3 4 3
3 5 3 5 3
3 1 1 3 3
3 1 2 3 3
3 1 4 3 3
3 1 5 3 3
3 2 1 3 3
3 2 2 3 3
3 2 4 3 3
3 2 5 3 3
3 4 1 3 3
3 4 2 3 3
3 4 4 3 3
3 4 5 3 3
3 5 1 3 3
3 5 2 3 3
3 5 4 3 3
3 5 5 3 3
4 4 4 1 1
4 4 4 1 2
4 4 4 1 3
4 4 4 1 5
4 4 4 2 1
4 4 4 2 2
4 4 4 2 3
4 4 4 2 5
4 4 4 3 1
4 4 4 3 2
4 4 4 3 3
4 4 4 3 5
4 4 4 5 1
4 4 4 5 2
4 4 4 5 3
4 4 4 5 5
4 4 1 4 1
4 4 1 4 2
4 4 1 4 3
4 4 1 4 5
4 4 2 4 1
4 4 2 4 2
4 4 2 4 3
4 4 2 4 5
4 4 3 4 1
4 4 3 4 2
4 4 3 4 3
4 4 3 4 5
4 4 5 4 1
4 4 5 4 2
4 4 5 4 3
4 4 5 4 5
4 4 1 1 4
4 4 1 2 4
4 4 1 3 4
4 4 1 5 4
4 4 2 1 4
4 4 2 2 4
4 4 2 3 4
4 4 2 5 4
4 4 3 1 4
4 4 3 2 4
4 4 3 3 4
4 4 3 5 4
4 4 5 1 4
4 4 5 2 4
4 4 5 3 4
4 4 5 5 4
4 1 4 4 1
4 1 4 4 2
4 1 4 4 3
4 1 4 4 5
4 2 4 4 1
4 2 4 4 2
4 2 4 4 3
4 2 4 4 5
4 3 4 4 1
4 3 4 4 2
4 3 4 4 3
4 3 4 4 5
4 5 4 4 1
4 5 4 4 2
4 5 4 4 3
4 5 4 4 5
4 1 4 1 4
4 1 4 2 4
4 1 4 3 4
4 1 4 5 4
4 2 4 1 4
4 2 4 2 4
4 2 4 3 4
4 2 4 5 4
4 3 4 1 4
4 3 4 2 4
4 3 4 3 4
4 3 4 5 4
4 5 4 1 4
4 5 4 2 4
4 5 4 3 4
4 5 4 5 4
4 1 1 4 4
4 1 2 4 4
4 1 3 4 4
4 1 5 4 4
4 2 1 4 4
4 2 2 4 4
4 2 3 4 4
4 2 5 4 4
4 3 1 4 4
4 3 2 4 4
4 3 3 4 4
4 3 5 4 4
4 5 1 4 4
4 5 2 4 4
4 5 3 4 4
4 5 5 4 4
5 5 5 1 1
5 5 5 1 2
5 5 5 1 3
5 5 5 1 4
5 5 5 2 1
5 5 5 2 2
5 5 5 2 3
5 5 5 2 4
5 5 5 3 1
5 5 5 3 2
5 5 5 3 3
5 5 5 3 4
5 5 5 4 1
5 5 5 4 2
5 5 5 4 3
5 5 5 4 4
5 5 1 5 1
5 5 1 5 2
5 5 1 5 3
5 5 1 5 4
5 5 2 5 1
5 5 2 5 2
5 5 2 5 3
5 5 2 5 4
5 5 3 5 1
5 5 3 5 2
5 5 3 5 3
5 5 3 5 4
5 5 4 5 1
5 5 4 5 2
5 5 4 5 3
5 5 4 5 4
5 5 1 1 5
5 5 1 2 5
5 5 1 3 5
5 5 1 4 5
5 5 2 1 5
5 5 2 2 5
5 5 2 3 5
5 5 2 4 5
5 5 3 1 5
5 5 3 2 5
5 5 3 3 5
5 5 3 4 5
5 5 4 1 5
5 5 4 2 5
5 5 4 3 5
5 5 4 4 5
5 1 5 5 1
5 1 5 5 2
5 1 5 5 3
5 1 5 5 4
5 2 5 5 1
5 2 5 5 2
5 2 5 5 3
5 2 5 5 4
5 3 5 5 1
5 3 5 5 2
5 3 5 5 3
5 3 5 5 4
5 4 5 5 1
5 4 5 5 2
5 4 5 5 3
5 4 5 5 4
5 1 5 1 5
5 1 5 2 5
5 1 5 3 5
5 1 5 4 5
5 2 5 1 5
5 2 5 2 5
5 2 5 3 5
5 2 5 4 5
5 3 5 1 5
5 3 5 2 5
5 3 5 3 5
5 3 5 4 5
5 4 5 1 5
5 4 5 2 5
5 4 5 3 5
5 4 5 4 5
5 1 1 5 5
5 1 2 5 5
5 1 3 5 5
5 1 4 5 5
5 2 1 5 5
5 2 2 5 5
5 2 3 5 5
5 2 4 5 5
5 3 1 5 5
5 3 2 5 5
5 3 3 5 5
5 3 4 5 5
5 4 1 5 5
5 4 2 5 5
5 4 3 5 5
5 4 4 5 5

C13:
Vars:
5
v3e3
v2e3
v4e3
v3e4
v3e2
Accept:
480
1 1 1 2 2
1 1 1 2 3
1 1 1 2 4
1 1 1 2 5
1 1 1 3 2
1 1 1 3 3
1 1 1 3 4
1 1 1 3 5
1 1 1 4 2
1 1 1 4 3
1 1 1 4 4
1 1 1 4 5
1 1 1 5 2
1 1 1 5 3
1 1 1 5 4
1 1 1 5 5
1 1 2 1 2
1 1 2 1 3
1 1 2 1 4
1 1 2 1 5
1 1 3 1 2
1 1 3 1 3
1 1 3 1 4
1 1 3 1 5
1 1 4 1 2
1 1 4 1 3
1 1 4 1 4
1 1 4 1 5
1 1 5 1 2
1 1 5 1 3
1 1 5 1 4
1 1 5 1 5
1 1 2 2 1
1 1 2 3 1
1 1 2 4 1
1 1 2 5 1
1 1 3 2 1
1 1 3 3 1
1 1 3 4 1
1 1 3 5 1
1 1 4 2 1
1 1 4 3 1
1 1 4 4 1
1 1 4 5 1
1 1 5 2 1
1 1 5 3 1
1 1 5 4 1
1 1 5 5 1
1 2 1 1 2
1 2 1 1 3
1 2 1 1 4
1 2 1 1 5
1 3 1 1 2
1 3 1 1 3
1 3 1 1 4
1 3 1 1 5
1 4 1 1 2
1 4 1 1 3
1 4 1 1 4
1 4 1 1 5
1 5 1 1 2
1 5 1 1 3
1 5 1 1 4
1 5 1 1 5
1 2 1 2 1
1 2 1 3 1
1 2 1 4 1
1 2 1 5 1
1 3 1 2 1
1 3 1 3 1
1 3 1 4 1
1 3 1 5 1
1 4 1 2 1
1 4 1 3 1
1 4 1 4 1
1 4 1 5 1
1 5 1 2 1
1 5 1 3 1
1 5 1 4 1
1 5 1 5 1
1 2 2 1 1
1 2 3 1 1
1 2 4 1 1
1 2 5 1 1
1 3 2 1 1
1 3 3 1 1
1 3 4 1 1
1 3 5 1 1
1 4 2 1 1
1 4 3 1 1
1 4 4 1 1
1 4 5 1 1
1 5 2 1 1
1 5 3 1 1
1 5 4 1 1
1 5 5 1 1
2 2 2 1 1
2 2 2 1 3
2 2 2 1 4
2 2 2 1 5
2 2 2 3 1
2 2 2 3 3
2 2 2 3 4
2 2 2 3 5
2 2 2 4 1
2 2 2 4 3
2 2 2 4 4
2 2 2 4 5
2 2 2 5 1
2 2 2 5 3
2 2 2 5 4
2 2 2 5 5
2 2 1 2 1
2 2 1 2 3
2 2 1 2 4
2 2 1 2 5
2 2 3 2 1
2 2 3 2 3
2 2 3 2 4
2 2 3 2 5
2 2 4 2 1
2 2 4 2 3
2 2 4 2 4
2 2 4 2 5
2 2 5 2 1
2 2 5 2 3
2 2 5 2 4
2 2 5 2 5
2 2 1 1 2
2 2 1 3 2
2 2 1 4 2
2 2 1 5 2
2 2 3 1 2
2 2 3 3 2
2 2 3 4 2
2 2 3 5 2
2 2 4 1 2
2 2 4 3 2
2 2 4 4 2
2 2 4 5 2
2 2 5 1 2
2 2 5 3 2
2 2 5 4 2
2 2 5 5 2
2 1 2 2 1
2 1 2 2 3
2 1 2 2 4
2 1 2 2 5
2 3 2 2 1
2 3 2 2 3
2 3 2 2 4
2 3 2 2 5
2 4 2 2 1
2 4 2 2 3
2 4 2 2 4
2 4 2 2 5
2 5 2 2 1
2 5 2 2 3
2 5 2 2 4
2 5 2 2 5
2 1 2 1 2
2 1 2 3 2
2 1 2 4 2
2 1 2 5 2
2 3 2 1 2
2 3 2 3 2
2 3 2 4 2
2 3 2 5 2
2 4 2 1 2
2 4 2 3 2
2 4 2 4 2
2 4 2 5 2
2 5 2 1 2
2 5 2 3 2
2 5 2 4 2
2 5 2 5 2
2 1 1 2 2
2 1 3 2 2
2 1 4 2 2
2 1 5 2 2
2 3 1 2 2
2 3 3 2 2
2 3 4 2 2
2 3 5 2 2
2 4 1 2 2
2 4 3 2 2
2 4 4 2 2
2 4 5 2 2
2 5 1 2 2
2 5 3 2 2
2 5 4 2 2
2 5 5 2 2
3 3 3 1 1
3 3 3 1 2
3 3 3 1 4
3 3 3 1 5
3 3 3 2 1
3 3 3 2 2
3 3 3 2 4
3 3 3 2 5
3 3 3 4 1
3 3 3 4 2
3 3 3 4 4
3 3 3 4 5
3 3 3 5 1
3 3 3 5 2
3 3 3 5 4
3 3 3 5 5
3 3 1 3 1
3 3 1 3 2
3 3 1 3 4
3 3 1 3 5
3 3 2 3 1
3 3 2 3 2
3 3 2 3 4
3 3 2 3 5
3 3 4 3 1
3 3 4 3 2
3 3 4 3 4
3 3 4 3 5
3 3 5 3 1
3 3 5 3 2
3 3 5 3 4
3 3 5 3 5
3 3 1 1 3
3 3 1 2 3
3 3 1 4 3
3 3 1 5 3
3 3 2 1 3
3 3 2 2 3
3 3 2 4 3
3 3 2 5 3
3 3 4 1 3
3 3 4 2 3
3 3 4 4 3
3 3 4 5 3
3 3 5 1 3
3 3 5 2 3
3 3 5 4 3
3 3 5 5 3
3 1 3 3 1
3 1 3 3 2
3 1 3 3 4
3 1 3 3 5
3 2 3 3 1
3 2 3 3 2
3 2 3 3 4
3 2 3 3 5
3 4 3 3 1
3 4 3 3 2
3 4 3 3 4
3 4 3 3 5
3 5 3 3 1
3 5 3 3 2
3 5 3 3 4
3 5 3 3 5
3 1 3 1 3
3 1 3 2 3
3 1 3 4 3
3 1 3 5 3
3 2 3 1 3
3 2 3 2 3
3 2 3 4 3
3 2 3 5 3
3 4 3 1 3
3 4 3 2 3
3 4 3 4 3
3 4 3 5 3
3 5 3 1 3
3 5 3 2 3
3 5 3 4 3
3 5 3 5 3
3 1 1 3 3
3 1 2 3 3
3 1 4 3 3
3 1 5 3 3
3 2 1 3 3
3 2 2 3 3
3 2 4 3 3
3 2 5 3 3
3 4 1 3 3
3 4 2 3 3
3 4 4 3 3
3 4 5 3 3
3 5 1 3 3
3 5 2 3 3
3 5 4 3 3
3 5 5 3 3
4 4 4 1 1
4 4 4 1 2
4 4 4 1 3
4 4 4 1 5
4 4 4 2 1
4 4 4 2 2
4 4 4 2 3
4 4 4 2 5
4 4 4 3 1
4 4 4 3 2
4 4 4 3 3
4 4 4 3 5
4 4 4 5 1
4 4 4 5 2
4 4 4 5 3
4 4 4 5 5
4 4 1 4 1
4 4 1 4 2
4 4 1 4 3
4 4 1 4 5
4 4 2 4 1
4 4 2 4 2
4 4 2 4 3
4 4 2 4 5
4 4 3 4 1
4 4 3 4 2
4 4 3 4 3
4 4 3 4 5
4 4 5 4 1
4 4 5 4 2
4 4 5 4 3
4 4 5 4 5
4 4 1 1 4
4 4 1 2 4
4 4 1 3 4
4 4 1 5 4
4 4 2 1 4
4 4 2 2 4
4 4 2 3 4
4 4 2 5 4
4 4 3 1 4
4 4 3 2 4
4 4 3 3 4
4 4 3 5 4
4 4 5 1 4
4 4 5 2 4
4 4 5 3 4
4 4 5 5 4
4 1 4 4 1
4 1 4 4 2
4 1 4 4 3
4 1 4 4 5
4 2 4 4 1
4 2 4 4 2
4 2 4 4 3
4 2 4 4 5
4 3 4 4 1
4 3 4 4 2
4 3 4 4 3
4 3 4 4 5
4 5 4 4 1
4 5 4 4 2
4 5 4 4 3
4 5 4 4 5
4 1 4 1 4
4 1 4 2 4
4 1 4 3 4
4 1 4 5 4
4 2 4 1 4
4 2 4 2 4
4 2 4 3 4
4 2 4 5 4
4 3 4 1 4
4 3 4 2 4
4 3 4 3 4
4 3 4 5 4
4 5 4 1 4
4 5 4 2 4
4 5 4 3 4
4 5 4 5 4
4 1 1 4 4
4 1 2 4 4
4 1 3 4 4
4 1 5 4 4
4 2 1 4 4
4 2 2 4 4
4 2 3 4 4
4 2 5 4 4
4 3 1 4 4
4 3 2 4 4
4 3 3 4 4
4 3 5 4 4
4 5 1 4 4
4 5 2 4 4
4 5 3 4 4
4 5 5 4 4
5 5 5 1 1
5 5 5 1 2
5 5 5 1 3
5 5 5 1 4
5 5 5 2 1
5 5 5 2 2
5 5 5 2 3
5 5 5 2 4
5 5 5 3 1
5 5 5 3 2
5 5 5 3 3
5 5 5 3 4
5 5 5 4 1
5 5 5 4 2
5 5 5 4 3
5 5 5 4 4
5 5 1 5 1
5 5 1 5 2
5 5 1 5 3
5 5 1 5 4
5 5 2 5 1
5 5 2 5 2
5 5 2 5 3
5 5 2 5 4
5 5 3 5 1
5 5 3 5 2
5 5 3 5 3
5 5 3 5 4
5 5 4 5 1
5 5 4 5 2
5 5 4 5 3
5 5 4 5 4
5 5 1 1 5
5 5 1 2 5
5 5 1 3 5
5 5 1 4 5
5 5 2 1 5
5 5 2 2 5
5 5 2 3 5
5 5 2 4 5
5 5 3 1 5
5 5 3 2 5
5 5 3 3 5
5 5 3 4 5
5 5 4 1 5
5 5 4 2 5
5 5 4 3 5
5 5 4 4 5
5 1 5 5 1
5 1 5 5 2
5 1 5 5 3
5 1 5 5 4
5 2 5 5 1
5 2 5 5 2
5 2 5 5 3
5 2 5 5 4
5 3 5 5 1
5 3 5 5 2
5 3 5 5 3
5 3 5 5 4
5 4 5 5 1
5 4 5 5 2
5 4 5 5 3
5 4 5 5 4
5 1 5 1 5
5 1 5 2 5
5 1 5 3 5
5 1 5 4 5
5 2 5 1 5
5 2 5 2 5
5 2 5 3 5
5 2 5 4 5
5 3 5 1 5
5 3 5 2 5
5 3 5 3 5
5 3 5 4 5
5 4 5 1 5
5 4 5 2 5
5 4 5 3 5
5 4 5 4 5
5 1 1 5 5
5 1 2 5 5
5 1 3 5 5
5 1 4 5 5
5 2 1 5 5
5 2 2 5 5
5 2 3 5 5
5 2 4 5 5
5 3 1 5 5
5 3 2 5 5
5 3 3 5 5
5 3 4 5 5
5 4 1 5 5
5 4 2 5 5
5 4 3 5 5
5 4 4 5 5

C14:
Vars:
5
v3e4
v2e4
v4e4
v3e5
v3e3
Accept:
256
3 3 1 1 1
3 3 1 1 2
3 3 1 1 4
3 3 1 1 5
3 3 1 2 1
3 3 1 2 2
3 3 1 2 4
3 3 1 2 5
3 3 1 4 1
3 3 1 4 2
3 3 1 4 4
3 3 1 4 5
3 3 1 5 1
3 3 1 5 2
3 3 1 5 4
3 3 1 5 5
3 3 2 1 1
3 3 2 1 2
3 3 2 1 4
3 3 2 1 5
3 3 2 2 1
3 3 2 2 2
3 3 2 2 4
3 3 2 2 5
3 3 2 4 1
3 3 2 4 2
3 3 2 4 4
3 3 2 4 5
3 3 2 5 1
3 3 2 5 2
3 3 2 5 4
3 3 2 5 5
3 3 4 1 1
3 3 4 1 2
3 3 4 1 4
3 3 4 1 5
3 3 4 2 1
3 3 4 2 2
3 3 4 2 4
3 3 4 2 5
3 3 4 4 1
3 3 4 4 2
3 3 4 4 4
3 3 4 4 5
3 3 4 5 1
3 3 4 5 2
3 3 4 5 4
3 3 4 5 5
3 3 5 1 1
3 3 5 1 2
3 3 5 1 4
3 3 5 1 5
3 3 5 2 1
3 3 5 2 2
3 3 5 2 4
3 3 5 2 5
3 3 5 4 1
3 3 5 4 2
3 3 5 4 4
3 3 5 4 5
3 3 5 5 1
3 3 5 5 2
3 3 5 5 4
3 3 5 5 5
3 1 3 1 1
3 1 3 1 2
3 1 3 1 4
3 1 3 1 5
3 1 3 2 1
3 1 3 2 2
3 1 3 2 4
3 1 3 2 5
3 1 3 4 1
3 1 3 4 2
3 1 3 4 4
3 1 3 4 5
3 1 3 5 1
3 1 3 5 2
3 1 3 5 4
3 1 3 5 5
3 2 3 1 1
3 2 3 1 2
3 2 3 1 4
3 2 3 1 5
3 2 3 2 1
3 2 3 2 2
3 2 3 2 4
3 2 3 2 5
3 2 3 4 1
3 2 3 4 2
3 2 3 4 4
3 2 3 4 5
3 2 3 5 1
3 2 3 5 2
3 2 3 5 4
3 2 3 5 5
3 4 3 1 1
3 4 3 1 2
3 4 3 1 4
3 4 3 1 5
3 4 3 2 1
3 4 3 2 2
3 4 3 2 4
3 4 3 2 5
3 4 3 4 1
3 4 3 4 2
3 4 3 4 4
3 4 3 4 5
3 4 3 5 1
3 4 3 5 2
3 4 3 5 4
3 4 3 5 5
3 5 3 1 1
3 5 3 1 2
3 5 3 1 4
3 5 3 1 5
3 5 3 2 1
3 5 3 2 2
3 5 3 2 4
3 5 3 2 5
3 5 3 4 1
3 5 3 4 2
3 5 3 4 4
3 5 3 4 5
3 5 3 5 1
3 5 3 5 2
3 5 3 5 4
3 5 3 5 5
3 1 1 3 1
3 1 1 3 2
3 1 1 3 4
3 1 1 3 5
3 1 2 3 1
3 1 2 3 2
3 1 2 3 4
3 1 2 3 5
3 1 4 3 1
3 1 4 3 2
3 1 4 3 4
3 1 4 3 5
3 1 5 3 1
3 1 5 3 2
3 1 5 3 4
3 1 5 3 5
3 2 1 3 1
3 2 1 3 2
3 2 1 3 4
3 2 1 3 5
3 2 2 3 1
3 2 2 3 2
3 2 2 3 4
3 2 2 3 5
3 2 4 3 1
3 2 4 3 2
3 2 4 3 4
3 2 4 3 5
3 2 5 3 1
3 2 5 3 2
3 2 5 3 4
3 2 5 3 5
3 4 1 3 1
3 4 1 3 2
3 4 1 3 4
3 4 1 3 5
3 4 2 3 1
3 4 2 3 2
3 4 2 3 4
3 4 2 3 5
3 4 4 3 1
3 4 4 3 2
3 4 4 3 4
3 4 4 3 5
3 4 5 3 1
3 4 5 3 2
3 4 5 3 4
3 4 5 3 5
3 5 1 3 1
3 5 1 3 2
3 5 1 3 4
3 5 1 3 5
3 5 2 3 1
3 5 2 3 2
3 5 2 3 4
3 5 2 3 5
3 5 4 3 1
3 5 4 3 2
3 5 4 3 4
3 5 4 3 5
3 5 5 3 1
3 5 5 3 2
3 5 5 3 4
3 5 5 3 5
3 1 1 1 3
3 1 1 2 3
3 1 1 4 3
3 1 1 5 3
3 1 2 1 3
3 1 2 2 3
3 1 2 4 3
3 1 2 5 3
3 1 4 1 3
3 1 4 2 3
3 1 4 4 3
3 1 4 5 3
3 1 5 1 3
3 1 5 2 3
3 1 5 4 3
3 1 5 5 3
3 2 1 1 3
3 2 1 2 3
3 2 1 4 3
3 2 1 5 3
3 2 2 1 3
3 2 2 2 3
3 2 2 4 3
3 2 2 5 3
3 2 4 1 3
3 2 4 2 3
3 2 4 4 3
3 2 4 5 3
3 2 5 1 3
3 2 5 2 3
3 2 5 4 3
3 2 5 5 3
3 4 1 1 3
3 4 1 2 3
3 4 1 4 3
3 4 1 5 3
3 4 2 1 3
3 4 2 2 3
3 4 2 4 3
3 4 2 5 3
3 4 4 1 3
3 4 4 2 3
3 4 4 4 3
3 4 4 5 3
3 4 5 1 3
3 4 5 2 3
3 4 5 4 3
3 4 5 5 3
3 5 1 1 3
3 5 1 2 3
3 5 1 4 3
3 5 1 5 3
3 5 2 1 3
3 5 2 2 3
3 5 2 4 3
3 5 2 5 3
3 5 4 1 3
3 5 4 2 3
3 5 4 4 3
3 5 4 5 3
3 5 5 1 3
3 5 5 2 3
3 5 5 4 3
3 5 5 5 3

C15:
Vars:
4
v3e5
v2e5
v4e5
v3e4
Accept:
60
1 1 1 2
1 1 1 3
1 1 1 4
1 1 1 5
1 1 2 1
1 1 3 1
1 1 4 1
1 1 5 1
1 2 1 1
1 3 1 1
1 4 1 1
1 5 1 1
2 2 2 1
2 2 2 3
2 2 2 4
2 2 2 5
2 2 1 2
2 2 3 2
2 2 4 2
2 2 5 2
2 1 2 2
2 3 2 2
2 4 2 2
2 5 2 2
3 3 3 1
3 3 3 2
3 3 3 4
3 3 3 5
3 3 1 3
3 3 2 3
3 3 4 3
3 3 5 3
3 1 3 3
3 2 3 3
3 4 3 3
3 5 3 3
4 4 4 1
4 4 4 2
4 4 4 3
4 4 4 5
4 4 1 4
4 4 2 4
4 4 3 4
4 4 5 4
4 1 4 4
4 2 4 4
4 3 4 4
4 5 4 4
5 5 5 1
5 5 5 2
5 5 5 3
5 5 5 4
5 5 1 5
5 5 2 5
5 5 3 5
5 5 4 5
5 1 5 5
5 2 5 5
5 3 5 5
5 4 5 5

C16:
Vars:
4
v4e1
v3e1
v5e1
v4e2
Accept:
60
1 1 1 2
1 1 1 3
1 1 1 4
1 1 1 5
1 1 2 1
1 1 3 1
1 1 4 1
1 1 5 1
1 2 1 1
1 3 1 1
1 4 1 1
1 5 1 1
2 2 2 1
2 2 2 3
2 2 2 4
2 2 2 5
2 2 1 2
2 2 3 2
2 2 4 2
2 2 5 2
2 1 2 2
2 3 2 2
2 4 2 2
2 5 2 2
3 3 3 1
3 3 3 2
3 3 3 4
3 3 3 5
3 3 1 3
3 3 2 3
3 3 4 3
3 3 5 3
3 1 3 3
3 2 3 3
3 4 3 3
3 5 3 3
4 4 4 1
4 4 4 2
4 4 4 3
4 4 4 5
4 4 1 4
4 4 2 4
4 4 3 4
4 4 5 4
4 1 4 4
4 2 4 4
4 3 4 4
4 5 4 4
5 5 5 1
5 5 5 2
5 5 5 3
5 5 5 4
5 5 1 5
5 5 2 5
5 5 3 5
5 5 4 5
5 1 5 5
5 2 5 5
5 3 5 5
5 4 5 5

C17:
Vars:
5
v4e2
v3e2
v5e2
v4e3
v4e1
Accept:
480
1 1 1 2 2
1 1 1 2 3
1 1 1 2 4
1 1 1 2 5
1 1 1 3 2
1 1 1 3 3
1 1 1 3 4
1 1 1 3 5
1 1 1 4 2
1 1 1 4 3
1 1 1 4 4
1 1 1 4 5
1 1 1 5 2
1 1 1 5 3
1 1 1 5 4
1 1 1 5 5
1 1 2 1 2
1 1 2 1 3
1 1 2 1 4
1 1 2 1 5
1 1 3 1 2
1 1 3 1 3
1 1 3 1 4
1 1 3 1 5
1 1 4 1 2
1 1 4 1 3
1 1 4 1 4
1 1 4 1 5
1 1 5 1 2
1 1 5 1 3
1 1 5 1 4
1 1 5 1 5
1 1 2 2 1
1 1 2 3 1
1 1 2 4 1
1 1 2 5 1
1 1 3 2 1
1 1 3 3 1
1 1 3 4 1
1 1 3 5 1
1 1 4 2 1
1 1 4 3 1
1 1 4 4 1
1 1 4 5 1
1 1 5 2 1
1 1 5 3 1
1 1 5 4 1
1 1 5 5 1
1 2 1 1 2
1 2 1 1 3
1 2 1 1 4
1 2 1 1 5
1 3 1 1 2
1 3 1 1 3
1 3 1 1 4
1 3 1 1 5
1 4 1 1 2
1 4 1 1 3
1 4 1 1 4
1 4 1 1 5
1 5 1 1 2
1 5 1 1 3
1 5 1 1 4
1 5 1 1 5
1 2 1 2 1
1 2 1 3 1
1 2 1 4 1
1 2 1 5 1
1 3 1 2 1
1 3 1 3 1
1 3 1 4 1
1 3 1 5 1
1 4 1 2 1
1 4 1 3 1
1 4 1 4 1
1 4 1 5 1
1 5 1 2 1
1 5 1 3 1
1 5 1 4 1
1 5 1 5 1
1 2 2 1 1
1 2 3 1 1
1 2 4 1 1
1 2 5 1 1
1 3 2 1 1
1 3 3 1 1
1 3 4 1 1
1 3 5 1 1
1 4 2 1 1
1 4 3 1 1
1 4 4 1 1
1 4 5 1 1
1 5 2 1 1
1 5 3 1 1
1 5 4 1 1
1 5 5 1 1
2 2 2 1 1
2 2 2 1 3
2 2 2 1 4
2 2 2 1 5
2 2 2 3 1
2 2 2 3 3
2 2 2 3 4
2 2 2 3 5
2 2 2 4 1
2 2 2 4 3
2 2 2 4 4
2 2 2 4 5
2 2 2 5 1
2 2 2 5 3
2 2 2 5 4
2 2 2 5 5
2 2 1 2 1
2 2 1 2 3
2 2 1 2 4
2 2 1 2 5
2 2 3 2 1
2 2 3 2 3
2 2 3 2 4
2 2 3 2 5
2 2 4 2 1
2 2 4 2 3
2 2 4 2 4
2 2 4 2 5
2 2 5 2 1
2 2 5 2 3
2 2 5 2 4
2 2 5 2 5
2 2 1 1 2
2 2 1 3 2
2 2 1 4 2
2 2 1 5 2
2 2 3 1 2
2 2 3 3 2
2 2 3 4 2
2 2 3 5 2
2 2 4 1 2
2 2 4 3 2
2 2 4 4 2
2 2 4 5 2
2 2 5 1 2
2 2 5 3 2
2 2 5 4 2
2 2 5 5 2
2 1 2 2 1
2 1 2 2 3
2 1 2 2 4
2 1 2 2 5
2 3 2 2 1
2 3 2 2 3
2 3 2 2 4
2 3 2 2 5
2 4 2 2 1
2 4 2 2 3
2 4 2 2 4
2 4 2 2 5
2 5 2 2 1
2 5 2 2 3
2 5 2 2 4
2 5 2 2 5
2 1 2 1 2
2 1 2 3 2
2 1 2 4 2
2 1 2 5 2
2 3 2 1 2
2 3 2 3 2
2 3 2 4 2
2 3 2 5 2
2 4 2 1 2
2 4 2 3 2
2 4 2 4 2
2 4 2 5 2
2 5 2 1 2
2 5 2 3 2
2 5 2 4 2
2 5 2 5 2
2 1 1 2 2
2 1 3 2 2
2 1 4 2 2
2 1 5 2 2
2 3 1 2 2
2 3 3 2 2
2 3 4 2 2
2 3 5 2 2
2 4 1 2 2
2 4 3 2 2
2 4 4 2 2
2 4 5 2 2
2 5 1 2 2
2 5 3 2 2
2 5 4 2 2
2 5 5 2 2
3 3 3 1 1
3 3 3 1 2
3 3 3 1 4
3 3 3 1 5
3 3 3 2 1
3 3 3 2 2
3 3 3 2 4
3 3 3 2 5
3 3 3 4 1
3 3 3 4 2
3 3 3 4 4
3 3 3 4 5
3 3 3 5 1
3 3 3 5 2
3 3 3 5 4
3 3 3 5 5
3 3 1 3 1
3 3 1 3 2
3 3 1 3 4
3 3 1 3 5
3 3 2 3 1
3 3 2 3 2
3 3 2 3 4
3 3 2 3 5
3 3 4 3 1
3 3 4 3 2
3 3 4 3 4
3 3 4 3 5
3 3 5 3 1
3 3 5 3 2
3 3 5 3 4
3 3 5 3 5
3 3 1 1 3
3 3 1 2 3
3 3 1 4 3
3 3 1 5 3
3 3 2 1 3
3 3 2 2 3
3 3 2 4 3
3 3 2 5 3
3 3 4 1 3
3 3 4 2 3
3 3 4 4 3
3 3 4 5 3
3 3 5 1 3
3 3 5 2 3
3 3 5 4 3
3 3 5 5 3
3 1 3 3 1
3 1 3 3 2
3 1 3 3 4
3 1 3 3 5
3 2 3 3 1
3 2 3 3 2
3 2 3 3 4
3 2 3 3 5
3 4 3 3 1
3 4 3 3 2
3 4 3 3 4
3 4 3 3 5
3 5 3 3 1
3 5 3 3 2
3 5 3 3 4
3 5 3 3 5
3 1 3 1 3
3 1 3 2 3
3 1 3 4 3
3 1 3 5 3
3 2 3 1 3
3 2 3 2 3
3 2 3 4 3
3 2 3 5 3
3 4 3 1 3
3 4 3 2 3
3 4 3 4 3
3 4 3 5 3
3 5 3 1 3
3 5 3 2 3
3 5 3 4 3
3 5 3 5 3
3 1 1 3 3
3 1 2 3 3
3 1 4 3 3
3 1 5 3 3
3 2 1 3 3
3 2 2 3 3
3 2 4 3 3
3 2 5 3 3
3 4 1 3 3
3 4 2 3 3
3 4 4 3 3
3 4 5 3 3
3 5 1 3 3
3 5 2 3 3
3 5 4 3 3
3 5 5 3 3
4 4 4 1 1
4 4 4 1 2
4 4 4 1 3
4 4 4 1 5
4 4 4 2 1
4 4 4 2 2
4 4 4 2 3
4 4 4 2 5
4 4 4 3 1
4 4 4 3 2
4 4 4 3 3
4 4 4 3 5
4 4 4 5 1
4 4 4 5 2
4 4 4 5 3
4 4 4 5 5
4 4 1 4 1
4 4 1 4 2
4 4 1 4 3
4 4 1 4 5
4 4 2 4 1
4 4 2 4 2
4 4 2 4 3
4 4 2 4 5
4 4 3 4 1
4 4 3 4 2
4 4 3 4 3
4 4 3 4 5
4 4 5 4 1
4 4 5 4 2
4 4 5 4 3
4 4 5 4 5
4 4 1 1 4
4 4 1 2 4
4 4 1 3 4
4 4 1 5 4
4 4 2 1 4
4 4 2 2 4
4 4 2 3 4
4 4 2 5 4
4 4 3 1 4
4 4 3 2 4
4 4 3 3 4
4 4 3 5 4
4 4 5 1 4
4 4 5 2 4
4 4 5 3 4
4 4 5 5 4
4 1 4 4 1
4 1 4 4 2
4 1 4 4 3
4 1 4 4 5
4 2 4 4 1
4 2 4 4 2
4 2 4 4 3
4 2 4 4 5
4 3 4 4 1
4 3 4 4 2
4 3 4 4 3
4 3 4 4 5
4 5 4 4 1
4 5 4 4 2
4 5 4 4 3
4 5 4 4 5
4 1 4 1 4
4 1 4 2 4
4 1 4 3 4
4 1 4 5 4
4 2 4 1 4
4 2 4 2 4
4 2 4 3 4
4 2 4 5 4
4 3 4 1 4
4 3 4 2 4
4 3 4 3 4
4 3 4 5 4
4 5 4 1 4
4 5 4 2 4
4 5 4 3 4
4 5 4 5 4
4 1 1 4 4
4 1 2 4 4
4 1 3 4 4
4 1 5 4 4
4 2 1 4 4
4 2 2 4 4
4 2 3 4 4
4 2 5 4 4
4 3 1 4 4
4 3 2 4 4
4 3 3 4 4
4 3 5 4 4
4 5 1 4 4
4 5 2 4 4
4 5 3 4 4
4 5 5 4 4
5 5 5 1 1
5 5 5 1 2
5 5 5 1 3
5 5 5 1 4
5 5 5 2 1
5 5 5 2 2
5 5 5 2 3
5 5 5 2 4
5 5 5 3 1
5 5 5 3 2
5 5 5 3 3
5 5 5 3 4
5 5 5 4 1
5 5 5 4 2
5 5 5 4 3
5 5 5 4 4
5 5 1 5 1
5 5 1 5 2
5 5 1 5 3
5 5 1 5 4
5 5 2 5 1
5 5 2 5 2
5 5 2 5 3
5 5 2 5 4
5 5 3 5 1
5 5 3 5 2
5 5 3 5 3
5 5 3 5 4
5 5 4 5 1
5 5 4 5 2
5 5 4 5 3
5 5 4 5 4
5 5 1 1 5
5 5 1 2 5
5 5 1 3 5
5 5 1 4 5
5 5 2 1 5
5 5 2 2 5
5 5 2 3 5
5 5 2 4 5
5 5 3 1 5
5 5 3 2 5
5 5 3 3 5
5 5 3 4 5
5 5 4 1 5
5 5 4 2 5
5 5 4 3 5
5 5 4 4 5
5 1 5 5 1
5 1 5 5 2
5 1 5 5 3
5 1 5 5 4
5 2 5 5 1
5 2 5 5 2
5 2 5 5 3
5 2 5 5 4
5 3 5 5 1
5 3 5 5 2
5 3 5 5 3
5 3 5 5 4
5 4 5 5 1
5 4 5 5 2
5 4 5 5 3
5 4 5 5 4
5 1 5 1 5
5 1 5 2 5
5 1 5 3 5
5 1 5 4 5
5 2 5 1 5
5 2 5 2 5
5 2 5 3 5
5 2 5 4 5
5 3 5 1 5
5 3 5 2 5
5 3 5 3 5
5 3 5 4 5
5 4 5 1 5
5 4 5 2 5
5 4 5 3 5
5 4 5 4 5
5 1 1 5 5
5 1 2 5 5
5 1 3 5 5
5 1 4 5 5
5 2 1 5 5
5 2 2 5 5
5 2 3 5 5
5 2 4 5 5
5 3 1 5 5
5 3 2 5 5
5 3 3 5 5
5 3 4 5 5
5 4 1 5 5
5 4 2 5 5
5 4 3 5 5
5 4 4 5 5

C18:
Vars:
5
v4e3
v3e3
v5e3
v4e4
v4e2
Accept:
480
1 1 1 2 2
1 1 1 2 3
1 1 1 2 4
1 1 1 2 5
1 1 1 3 2
1 1 1 3 3
1 1 1 3 4
1 1 1 3 5
1 1 1 4 2
1 1 1 4 3
1 1 1 4 4
1 1 1 4 5
1 1 1 5 2
1 1 1 5 3
1 1 1 5 4
1 1 1 5 5
1 1 2 1 2
1 1 2 1 3
1 1 2 1 4
1 1 2 1 5
1 1 3 1 2
1 1 3 1 3
1 1 3 1 4
1 1 3 1 5
1 1 4 1 2
1 1 4 1 3
1 1 4 1 4
1 1 4 1 5
1 1 5 1 2
1 1 5 1 3
1 1 5 1 4
1 1 5 1 5
1 1 2 2 1
1 1 2 3 1
1 1 2 4 1
1 1 2 5 1
1 1 3 2 1
1 1 3 3 1
1 1 3 4 1
1 1 3 5 1
1 1 4 2 1
1 1 4 3 1
1 1 4 4 1
1 1 4 5 1
1 1 5 2 1
1 1 5 3 1
1 1 5 4 1
1 1 5 5 1
1 2 1 1 2
1 2 1 1 3
1 2 1 1 4
1 2 1 1 5
1 3 1 1 2
1 3 1 1 3
1 3 1 1 4
1 3 1 1 5
1 4 1 1 2
1 4 1 1 3
1 4 1 1 4
1 4 1 1 5
1 5 1 1 2
1 5 1 1 3
1 5 1 1 4
1 5 1 1 5
1 2 1 2 1
1 2 1 3 1
1 2 1 4 1
1 2 1 5 1
1 3 1 2 1
1 3 1 3 1
1 3 1 4 1
1 3 1 5 1
1 4 1 2 1
1 4 1 3 1
1 4 1 4 1
1 4 1 5 1
1 5 1 2 1
1 5 1 3 1
1 5 1 4 1
1 5 1 5 1
1 2 2 1 1
1 2 3 1 1
1 2 4 1 1
1 2 5 1 1
1 3 2 1 1
1 3 3 1 1
1 3 4 1 1
1 3 5 1 1
1 4 2 1 1
1 4 3 1 1
1 4 4 1 1
1 4 5 1 1
1 5 2 1 1
1 5 3 1 1
1 5 4 1 1
1 5 5 1 1
2 2 2 1 1
2 2 2 1 3
2 2 2 1 4
2 2 2 1 5
2 2 2 3 1
2 2 2 3 3
2 2 2 3 4
2 2 2 3 5
2 2 2 4 1
2 2 2 4 3
2 2 2 4 4
2 2 2 4 5
2 2 2 5 1
2 2 2 5 3
2 2 2 5 4
2 2 2 5 5
2 2 1 2 1
2 2 1 2 3
2 2 1 2 4
2 2 1 2 5
2 2 3 2 1
2 2 3 2 3
2 2 3 2 4
2 2 3 2 5
2 2 4 2 1
2 2 4 2 3
2 2 4 2 4
2 2 4 2 5
2 2 5 2 1
2 2 5 2 3
2 2 5 2 4
2 2 5 2 5
2 2 1 1 2
2 2 1 3 2
2 2 1 4 2
2 2 1 5 2
2 2 3 1 2
2 2 3 3 2
2 2 3 4 2
2 2 3 5 2
2 2 4 1 2
2 2 4 3 2
2 2 4 4 2
2 2 4 5 2
2 2 5 1 2
2 2 5 3 2
2 2 5 4 2
2 2 5 5 2
2 1 2 2 1
2 1 2 2 3
2 1 2 2 4
2 1 2 2 5
2 3 2 2 1
2 3 2 2 3
2 3 2 2 4
2 3 2 2 5
2 4 2 2 1
2 4 2 2 3
2 4 2 2 4
2 4 2 2 5
2 5 2 2 1
2 5 2 2 3
2 5 2 2 4
2 5 2 2 5
2 1 2 1 2
2 1 2 3 2
2 1 2 4 2
2 1 2 5 2
2 3 2 1 2
2 3 2 3 2
2 3 2 4 2
2 3 2 5 2
2 4 2 1 2
2 4 2 3 2
2 4 2 4 2
2 4 2 5 2
2 5 2 1 2
2 5 2 3 2
2 5 2 4 2
2 5 2 5 2
2 1 1 2 2
2 1 3 2 2
2 1 4 2 2
2 1 5 2 2
2 3 1 2 2
2 3 3 2 2
2 3 4 2 2
2 3 5 2 2
2 4 1 2 2
2 4 3 2 2
2 4 4 2 2
2 4 5 2 2
2 5 1 2 2
2 5 3 2 2
2 5 4 2 2
2 5 5 2 2
3 3 3 1 1
3 3 3 1 2
3 3 3 1 4
3 3 3 1 5
3 3 3 2 1
3 3 3 2 2
3 3 3 2 4
3 3 3 2 5
3 3 3 4 1
3 3 3 4 2
3 3 3 4 4
3 3 3 4 5
3 3 3 5 1
3 3 3 5 2
3 3 3 5 4
3 3 3 5 5
3 3 1 3 1
3 3 1 3 2
3 3 1 3 4
3 3 1 3 5
3 3 2 3 1
3 3 2 3 2
3 3 2 3 4
3 3 2 3 5
3 3 4 3 1
3 3 4 3 2
3 3 4 3 4
3 3 4 3 5
3 3 5 3 1
3 3 5 3 2
3 3 5 3 4
3 3 5 3 5
3 3 1 1 3
3 3 1 2 3
3 3 1 4 3
3 3 1 5 3
3 3 2 1 3
3 3 2 2 3
3 3 2 4 3
3 3 2 5 3
3 3 4 1 3
3 3 4 2 3
3 3 4 4 3
3 3 4 5 3
3 3 5 1 3
3 3 5 2 3
3 3 5 4 3
3 3 5 5 3
3 1 3 3 1
3 1 3 3 2
3 1 3 3 4
3 1 3 3 5
3 2 3 3 1
3 2 3 3 2
3 2 3 3 4
3 2 3 3 5
3 4 3 3 1
3 4 3 3 2
3 4 3 3 4
3 4 3 3 5
3 5 3 3 1
3 5 3 3 2
3 5 3 3 4
3 5 3 3 5
3 1 3 1 3
3 1 3 2 3
3 1 3 4 3
3 1 3 5 3
3 2 3 1 3
3 2 3 2 3
3 2 3 4 3
3 2 3 5 3
3 4 3 1 3
3 4 3 2 3
3 4 3 4 3
3 4 3 5 3
3 5 3 1 3
3 5 3 2 3
3 5 3 4 3
3 5 3 5 3
3 1 1 3 3
3 1 2 3 3
3 1 4 3 3
3 1 5 3 3
3 2 1 3 3
3 2 2 3 3
3 2 4 3 3
3 2 5 3 3
3 4 1 3 3
3 4 2 3 3
3 4 4 3 3
3 4 5 3 3
3 5 1 3 3
3 5 2 3 3
3 5 4 3 3
3 5 5 3 3
4 4 4 1 1
4 4 4 1 2
4 4 4 1 3
4 4 4 1 5
4 4 4 2 1
4 4 4 2 2
4 4 4 2 3
4 4 4 2 5
4 4 4 3 1
4 4 4 3 2
4 4 4 3 3
4 4 4 3 5
4 4 4 5 1
4 4 4 5 2
4 4 4 5 3
4 4 4 5 5
4 4 1 4 1
4 4 1 4 2
4 4 1 4 3
4 4 1 4 5
4 4 2 4 1
4 4 2 4 2
4 4 2 4 3
4 4 2 4 5
4 4 3 4 1
4 4 3 4 2
4 4 3 4 3
4 4 3 4 5
4 4 5 4 1
4 4 5 4 2
4 4 5 4 3
4 4 5 4 5
4 4 1 1 4
4 4 1 2 4
4 4 1 3 4
4 4 1 5 4
4 4 2 1 4
4 4 2 2 4
4 4 2 3 4
4 4 2 5 4
4 4 3 1 4
4 4 3 2 4
4 4 3 3 4
4 4 3 5 4
4 4 5 1 4
4 4 5 2 4
4 4 5 3 4
4 4 5 5 4
4 1 4 4 1
4 1 4 4 2
4 1 4 4 3
4 1 4 4 5
4 2 4 4 1
4 2 4 4 2
4 2 4 4 3
4 2 4 4 5
4 3 4 4 1
4 3 4 4 2
4 3 4 4 3
4 3 4 4 5
4 5 4 4 1
4 5 4 4 2
4 5 4 4 3
4 5 4 4 5
4 1 4 1 4
4 1 4 2 4
4 1 4 3 4
4 1 4 5 4
4 2 4 1 4
4 2 4 2 4
4 2 4 3 4
4 2 4 5 4
4 3 4 1 4
4 3 4 2 4
4 3 4 3 4
4 3 4 5 4
4 5 4 1 4
4 5 4 2 4
4 5 4 3 4
4 5 4 5 4
4 1 1 4 4
4 1 2 4 4
4 1 3 4 4
4 1 5 4 4
4 2 1 4 4
4 2 2 4 4
4 2 3 4 4
4 2 5 4 4
4 3 1 4 4
4 3 2 4 4
4 3 3 4 4
4 3 5 4 4
4 5 1 4 4
4 5 2 4 4
4 5 3 4 4
4 5 5 4 4
5 5 5 1 1
5 5 5 1 2
5 5 5 1 3
5 5 5 1 4
5 5 5 2 1
5 5 5 2 2
5 5 5 2 3
5 5 5 2 4
5 5 5 3 1
5 5 5 3 2
5 5 5 3 3
5 5 5 3 4
5 5 5 4 1
5 5 5 4 2
5 5 5 4 3
5 5 5 4 4
5 5 1 5 1
5 5 1 5 2
5 5 1 5 3
5 5 1 5 4
5 5 2 5 1
5 5 2 5 2
5 5 2 5 3
5 5 2 5 4
5 5 3 5 1
5 5 3 5 2
5 5 3 5 3
5 5 3 5 4
5 5 4 5 1
5 5 4 5 2
5 5 4 5 3
5 5 4 5 4
5 5 1 1 5
5 5 1 2 5
5 5 1 3 5
5 5 1 4 5
5 5 2 1 5
5 5 2 2 5
5 5 2 3 5
5 5 2 4 5
5 5 3 1 5
5 5 3 2 5
5 5 3 3 5
5 5 3 4 5
5 5 4 1 5
5 5 4 2 5
5 5 4 3 5
5 5 4 4 5
5 1 5 5 1
5 1 5 5 2
5 1 5 5 3
5 1 5 5 4
5 2 5 5 1
5 2 5 5 2
5 2 5 5 3
5 2 5 5 4
5 3 5 5 1
5 3 5 5 2
5 3 5 5 3
5 3 5 5 4
5 4 5 5 1
5 4 5 5 2
5 4 5 5 3
5 4 5 5 4
5 1 5 1 5
5 1 5 2 5
5 1 5 3 5
5 1 5 4 5
5 2 5 1 5
5 2 5 2 5
5 2 5 3 5
5 2 5 4 5
5 3 5 1 5
5 3 5 2 5
5 3 5 3 5
5 3 5 4 5
5 4 5 1 5
5 4 5 2 5
5 4 5 3 5
5 4 5 4 5
5 1 1 5 5
5 1 2 5 5
5 1 3 5 5
5 1 4 5 5
5 2 1 5 5
5 2 2 5 5
5 2 3 5 5
5 2 4 5 5
5 3 1 5 5
5 3 2 5 5
5 3 3 5 5
5 3 4 5 5
5 4 1 5 5
5 4 2 5 5
5 4 3 5 5
5 4 4 5 5

C19:
Vars:
5
v4e4
v3e4
v5e4
v4e5
v4e3
Accept:
480
1 1 1 2 2
1 1 1 2 3
1 1 1 2 4
1 1 1 2 5
1 1 1 3 2
1 1 1 3 3
1 1 1 3 4
1 1 1 3 5
1 1 1 4 2
1 1 1 4 3
1 1 1 4 4
1 1 1 4 5
1 1 1 5 2
1 1 1 5 3
1 1 1 5 4
1 1 1 5 5
1 1 2 1 2
1 1 2 1 3
1 1 2 1 4
1 1 2 1 5
1 1 3 1 2
1 1 3 1 3
1 1 3 1 4
1 1 3 1 5
1 1 4 1 2
1 1 4 1 3
1 1 4 1 4
1 1 4 1 5
1 1 5 1 2
1 1 5 1 3
1 1 5 1 4
1 1 5 1 5
1 1 2 2 1
1 1 2 3 1
1 1 2 4 1
1 1 2 5 1
1 1 3 2 1
1 1 3 3 1
1 1 3 4 1
1 1 3 5 1
1 1 4 2 1
1 1 4 3 1
1 1 4 4 1
1 1 4 5 1
1 1 5 2 1
1 1 5 3 1
1 1 5 4 1
1 1 5 5 1
1 2 1 1 2
1 2 1 1 3
1 2 1 1 4
1 2 1 1 5
1 3 1 1 2
1 3 1 1 3
1 3 1 1 4
1 3 1 1 5
1 4 1 1 2
1 4 1 1 3
1 4 1 1 4
1 4 1 1 5
1 5 1 1 2
1 5 1 1 3
1 5 1 1 4
1 5 1 1 5
1 2 1 2 1
1 2 1 3 1
1 2 1 4 1
1 2 1 5 1
1 3 1 2 1
1 3 1 3 1
1 3 1 4 1
1 3 1 5 1
1 4 1 2 1
1 4 1 3 1
1 4 1 4 1
1 4 1 5 1
1 5 1 2 1
1 5 1 3 1
1 5 1 4 1
1 5 1 5 1
1 2 2 1 1
1 2 3 1 1
1 2 4 1 1
1 2 5 1 1
1 3 2 1 1
1 3 3 1 1
1 3 4 1 1
1 3 5 1 1
1 4 2 1 1
1 4 3 1 1
1 4 4 1 1
1 4 5 1 1
1 5 2 1 1
1 5 3 1 1
1 5 4 1 1
1 5 5 1 1
2 2 2 1 1
2 2 2 1 3
2 2 2 1 4
2 2 2 1 5
2 2 2 3 1
2 2 2 3 3
2 2 2 3 4
2 2 2 3 5
2 2 2 4 1
2 2 2 4 3
2 2 2 4 4
2 2 2 4 5
2 2 2 5 1
2 2 2 5 3
2 2 2 5 4
2 2 2 5 5
2 2 1 2 1
2 2 1 2 3
2 2 1 2 4
2 2 1 2 5
2 2 3 2 1
2 2 3 2 3
2 2 3 2 4
2 2 3 2 5
2 2 4 2 1
2 2 4 2 3
2 2 4 2 4
2 2 4 2 5
2 2 5 2 1
2 2 5 2 3
2 2 5 2 4
2 2 5 2 5
2 2 1 1 2
2 2 1 3 2
2 2 1 4 2
2 2 1 5 2
2 2 3 1 2
2 2 3 3 2
2 2 3 4 2
2 2 3 5 2
2 2 4 1 2
2 2 4 3 2
2 2 4 4 2
2 2 4 5 2
2 2 5 1 2
2 2 5 3 2
2 2 5 4 2
2 2 5 5 2
2 1 2 2 1
2 1 2 2 3
2 1 2 2 4
2 1 2 2 5
2 3 2 2 1
2 3 2 2 3
2 3 2 2 4
2 3 2 2 5
2 4 2 2 1
2 4 2 2 3
2 4 2 2 4
2 4 2 2 5
2 5 2 2 1
2 5 2 2 3
2 5 2 2 4
2 5 2 2 5
2 1 2 1 2
2 1 2 3 2
2 1 2 4 2
2 1 2 5 2
2 3 2 1 2
2 3 2 3 2
2 3 2 4 2
2 3 2 5 2
2 4 2 1 2
2 4 2 3 2
2 4 2 4 2
2 4 2 5 2
2 5 2 1 2
2 5 2 3 2
2 5 2 4 2
2 5 2 5 2
2 1 1 2 2
2 1 3 2 2
2 1 4 2 2
2 1 5 2 2
2 3 1 2 2
2 3 3 2 2
2 3 4 2 2
2 3 5 2 2
2 4 1 2 2
2 4 3 2 2
2 4 4 2 2
2 4 5 2 2
2 5 1 2 2
2 5 3 2 2
2 5 4 2 2
2 5 5 2 2
3 3 3 1 1
3 3 3 1 2
3 3 3 1 4
3 3 3 1 5
3 3 3 2 1
3 3 3 2 2
3 3 3 2 4
3 3 3 2 5
3 3 3 4 1
3 3 3 4 2
3 3 3 4 4
3 3 3 4 5
3 3 3 5 1
3 3 3 5 2
3 3 3 5 4
3 3 3 5 5
3 3 1 3 1
3 3 1 3 2
3 3 1 3 4
3 3 1 3 5
3 3 2 3 1
3 3 2 3 2
3 3 2 3 4
3 3 2 3 5
3 3 4 3 1
3 3 4 3 2
3 3 4 3 4
3 3 4 3 5
3 3 5 3 1
3 3 5 3 2
3 3 5 3 4
3 3 5 3 5
3 3 1 1 3
3 3 1 2 3
3 3 1 4 3
3 3 1 5 3
3 3 2 1 3
3 3 2 2 3
3 3 2 4 3
3 3 2 5 3
3 3 4 1 3
3 3 4 2 3
3 3 4 4 3
3 3 4 5 3
3 3 5 1 3
3 3 5 2 3
3 3 5 4 3
3 3 5 5 3
3 1 3 3 1
3 1 3 3 2
3 1 3 3 4
3 1 3 3 5
3 2 3 3 1
3 2 3 3 2
3 2 3 3 4
3 2 3 3 5
3 4 3 3 1
3 4 3 3 2
3 4 3 3 4
3 4 3 3 5
3 5 3 3 1
3 5 3 3 2
3 5 3 3 4
3 5 3 3 5
3 1 3 1 3
3 1 3 2 3
3 1 3 4 3
3 1 3 5 3
3 2 3 1 3
3 2 3 2 3
3 2 3 4 3
3 2 3 5 3
3 4 3 1 3
3 4 3 2 3
3 4 3 4 3
3 4 3 5 3
3 5 3 1 3
3 5 3 2 3
3 5 3 4 3
3 5 3 5 3
3 1 1 3 3
3 1 2 3 3
3 1 4 3 3
3 1 5 3 3
3 2 1 3 3
3 2 2 3 3
3 2 4 3 3
3 2 5 3 3
3 4 1 3 3
3 4 2 3 3
3 4 4 3 3
3 4 5 3 3
3 5 1 3 3
3 5 2 3 3
3 5 4 3 3
3 5 5 3 3
4 4 4 1 1
4 4 4 1 2
4 4 4 1 3
4 4 4 1 5
4 4 4 2 1
4 4 4 2 2
4 4 4 2 3
4 4 4 2 5
4 4 4 3 1
4 4 4 3 2
4 4 4 3 3
4 4 4 3 5
4 4 4 5 1
4 4 4 5 2
4 4 4 5 3
4 4 4 5 5
4 4 1 4 1
4 4 1 4 2
4 4 1 4 3
4 4 1 4 5
4 4 2 4 1
4 4 2 4 2
4 4 2 4 3
4 4 2 4 5
4 4 3 4 1
4 4 3 4 2
4 4 3 4 3
4 4 3 4 5
4 4 5 4 1
4 4 5 4 2
4 4 5 4 3
4 4 5 4 5
4 4 1 1 4
4 4 1 2 4
4 4 1 3 4
4 4 1 5 4
4 4 2 1 4
4 4 2 2 4
4 4 2 3 4
4 4 2 5 4
4 4 3 1 4
4 4 3 2 4
4 4 3 3 4
4 4 3 5 4
4 4 5 1 4
4 4 5 2 4
4 4 5 3 4
4 4 5 5 4
4 1 4 4 1
4 1 4 4 2
4 1 4 4 3
4 1 4 4 5
4 2 4 4 1
4 2 4 4 2
4 2 4 4 3
4 2 4 4 5
4 3 4 4 1
4 3 4 4 2
4 3 4 4 3
4 3 4 4 5
4 5 4 4 1
4 5 4 4 2
4 5 4 4 3
4 5 4 4 5
4 1 4 1 4
4 1 4 2 4
4 1 4 3 4
4 1 4 5 4
4 2 4 1 4
4 2 4 2 4
4 2 4 3 4
4 2 4 5 4
4 3 4 1 4
4 3 4 2 4
4 3 4 3 4
4 3 4 5 4
4 5 4 1 4
4 5 4 2 4
4 5 4 3 4
4 5 4 5 4
4 1 1 4 4
4 1 2 4 4
4 1 3 4 4
4 1 5 4 4
4 2 1 4 4
4 2 2 4 4
4 2 3 4 4
4 2 5 4 4
4 3 1 4 4
4 3 2 4 4
4 3 3 4 4
4 3 5 4 4
4 5 1 4 4
4 5 2 4 4
4 5 3 4 4
4 5 5 4 4
5 5 5 1 1
5 5 5 1 2
5 5 5 1 3
5 5 5 1 4
5 5 5 2 1
5 5 5 2 2
5 5 5 2 3
5 5 5 2 4
5 5 5 3 1
5 5 5 3 2
5 5 5 3 3
5 5 5 3 4
5 5 5 4 1
5 5 5 4 2
5 5 5 4 3
5 5 5 4 4
5 5 1 5 1
5 5 1 5 2
5 5 1 5 3
5 5 1 5 4
5 5 2 5 1
5 5 2 5 2
5 5 2 5 3
5 5 2 5 4
5 5 3 5 1
5 5 3 5 2
5 5 3 5 3
5 5 3 5 4
5 5 4 5 1
5 5 4 5 2
5 5 4 5 3
5 5 4 5 4
5 5 1 1 5
5 5 1 2 5
5 5 1 3 5
5 5 1 4 5
5 5 2 1 5
5 5 2 2 5
5 5 2 3 5
5 5 2 4 5
5 5 3 1 5
5 5 3 2 5
5 5 3 3 5
5 5 3 4 5
5 5 4 1 5
5 5 4 2 5
5 5 4 3 5
5 5 4 4 5
5 1 5 5 1
5 1 5 5 2
5 1 5 5 3
5 1 5 5 4
5 2 5 5 1
5 2 5 5 2
5 2 5 5 3
5 2 5 5 4
5 3 5 5 1
5 3 5 5 2
5 3 5 5 3
5 3 5 5 4
5 4 5 5 1
5 4 5 5 2
5 4 5 5 3
5 4 5 5 4
5 1 5 1 5
5 1 5 2 5
5 1 5 3 5
5 1 5 4 5
5 2 5 1 5
5 2 5 2 5
5 2 5 3 5
5 2 5 4 5
5 3 5 1 5
5 3 5 2 5
5 3 5 3 5
5 3 5 4 5
5 4 5 1 5
5 4 5 2 5
5 4 5 3 5
5 4 5 4 5
5 1 1 5 5
5 1 2 5 5
5 1 3 5 5
5 1 4 5 5
5 2 1 5 5
5 2 2 5 5
5 2 3 5 5
5 2 4 5 5
5 3 1 5 5
5 3 2 5 5
5 3 3 5 5
5 3 4 5 5
5 4 1 5 5
5 4 2 5 5
5 4 3 5 5
5 4 4 5 5

C20:
Vars:
4
v4e5
v3e5
v5e5
v4e4
Accept:
60
1 1 1 2
1 1 1 3
1 1 1 4
1 1 1 5
1 1 2 1
1 1 3 1
1 1 4 1
1 1 5 1
1 2 1 1
1 3 1 1
1 4 1 1
1 5 1 1
2 2 2 1
2 2 2 3
2 2 2 4
2 2 2 5
2 2 1 2
2 2 3 2
2 2 4 2
2 2 5 2
2 1 2 2
2 3 2 2
2 4 2 2
2 5 2 2
3 3 3 1
3 3 3 2
3 3 3 4
3 3 3 5
3 3 1 3
3 3 2 3
3 3 4 3
3 3 5 3
3 1 3 3
3 2 3 3
3 4 3 3
3 5 3 3
4 4 4 1
4 4 4 2
4 4 4 3
4 4 4 5
4 4 1 4
4 4 2 4
4 4 3 4
4 4 5 4
4 1 4 4
4 2 4 4
4 3 4 4
4 5 4 4
5 5 5 1
5 5 5 2
5 5 5 3
5 5 5 4
5 5 1 5
5 5 2 5
5 5 3 5
5 5 4 5
5 1 5 5
5 2 5 5
5 3 5 5
5 4 5 5

C21:
Vars:
3
v5e1
v4e1
v5e2
Accept:
8
4 4 1
4 4 2
4 4 3
4 4 5
4 1 4
4 2 4
4 3 4
4 5 4

C22:
Vars:
4
v5e2
v4e2
v5e3
v5e1
Accept:
60
1 1 1 2
1 1 1 3
1 1 1 4
1 1 1 5
1 1 2 1
1 1 3 1
1 1 4 1
1 1 5 1
1 2 1 1
1 3 1 1
1 4 1 1
1 5 1 1
2 2 2 1
2 2 2 3
2 2 2 4
2 2 2 5
2 2 1 2
2 2 3 2
2 2 4 2
2 2 5 2
2 1 2 2
2 3 2 2
2 4 2 2
2 5 2 2
3 3 3 1
3 3 3 2
3 3 3 4
3 3 3 5
3 3 1 3
3 3 2 3
3 3 4 3
3 3 5 3
3 1 3 3
3 2 3 3
3 4 3 3
3 5 3 3
4 4 4 1
4 4 4 2
4 4 4 3
4 4 4 5
4 4 1 4
4 4 2 4
4 4 3 4
4 4 5 4
4 1 4 4
4 2 4 4
4 3 4 4
4 5 4 4
5 5 5 1
5 5 5 2
5 5 5 3
5 5 5 4
5 5 1 5
5 5 2 5
5 5 3 5
5 5 4 5
5 1 5 5
5 2 5 5
5 3 5 5
5 4 5 5

C23:
Vars:
4
v5e3
v4e3
v5e4
v5e2
Accept:
60
1 1 1 2
1 1 1 3
1 1 1 4
1 1 1 5
1 1 2 1
1 1 3 1
1 1 4 1
1 1 5 1
1 2 1 1
1 3 1 1
1 4 1 1
1 5 1 1
2 2 2 1
2 2 2 3
2 2 2 4
2 2 2 5
2 2 1 2
2 2 3 2
2 2 4 2
2 2 5 2
2 1 2 2
2 3 2 2
2 4 2 2
2 5 2 2
3 3 3 1
3 3 3 2
3 3 3 4
3 3 3 5
3 3 1 3
3 3 2 3
3 3 4 3
3 3 5 3
3 1 3 3
3 2 3 3
3 4 3 3
3 5 3 3
4 4 4 1
4 4 4 2
4 4 4 3
4 4 4 5
4 4 1 4
4 4 2 4
4 4 3 4
4 4 5 4
4 1 4 4
4 2 4 4
4 3 4 4
4 5 4 4
5 5 5 1
5 5 5 2
5 5 5 3
5 5 5 4
5 5 1 5
5 5 2 5
5 5 3 5
5 5 4 5
5 1 5 5
5 2 5 5
5 3 5 5
5 4 5 5

C24:
Vars:
4
v5e4
v4e4
v5e5
v5e3
Accept:
60
1 1 1 2
1 1 1 3
1 1 1 4
1 1 1 5
1 1 2 1
1 1 3 1
1 1 4 1
1 1 5 1
1 2 1 1
1 3 1 1
1 4 1 1
1 5 1 1
2 2 2 1
2 2 2 3
2 2 2 4
2 2 2 5
2 2 1 2
2 2 3 2
2 2 4 2
2 2 5 2
2 1 2 2
2 3 2 2
2 4 2 2
2 5 2 2
3 3 3 1
3 3 3 2
3 3 3 4
3 3 3 5
3 3 1 3
3 3 2 3
3 3 4 3
3 3 5 3
3 1 3 3
3 2 3 3
3 4 3 3
3 5 3 3
4 4 4 1
4 4 4 2
4 4 4 3
4 4 4 5
4 4 1 4
4 4 2 4
4 4 3 4
4 4 5 4
4 1 4 4
4 2 4 4
4 3 4 4
4 5 4 4
5 5 5 1
5 5 5 2
5 5 5 3
5 5 5 4
5 5 1 5
5 5 2 5
5 5 3 5
5 5 4 5
5 1 5 5
5 2 5 5
5 3 5 5
5 4 5 5

C25:
Vars:
3
v5e5
v4e5
v5e4
Accept:
8
4 4 1
4 4 2
4 4 3
4 4 5
4 1 4
4 2 4
4 3 4
4 5 4

Goal:
Satisfy